-------- Model 301 Ant 100 Loop 10 ---------
1 2 6 17 3 4 5 7 8 9 10 11 12 13 14 15 16 18 19 20 21 22 23 24 25 26 27 28 
======WorkstationCount: 33

-------- Model 301 Ant 100 Loop 20 ---------
1 2 3 17 6 4 5 7 8 9 10 11 12 13 14 15 16 18 19 20 21 22 23 24 25 26 27 28 
======WorkstationCount: 33

-------- Model 301 Ant 100 Loop 40 ---------
1 2 3 17 6 4 5 7 8 9 10 11 12 13 14 15 16 18 19 20 21 22 23 24 25 26 27 28 
======WorkstationCount: 33

-------- Model 301 Ant 100 Loop 100 ---------
17 1 2 3 4 5 6 7 8 9 10 11 12 13 14 15 16 18 19 20 21 22 23 24 25 26 27 28 
======WorkstationCount: 34

-------- Model 301 Ant 100 Loop 200 ---------
6 1 2 3 4 5 7 8 9 10 11 12 13 14 15 16 17 18 19 20 21 22 23 24 25 26 27 28 
======WorkstationCount: 34

-------- Model 301 Ant 200 Loop 10 ---------
6 1 2 17 3 4 5 7 8 9 10 11 12 13 14 15 16 18 19 20 21 22 23 24 25 26 27 28 
======WorkstationCount: 33

-------- Model 301 Ant 200 Loop 20 ---------
6 1 2 3 4 5 7 8 9 10 11 12 13 14 15 16 17 18 19 20 21 22 23 24 25 26 27 28 
======WorkstationCount: 34

-------- Model 301 Ant 200 Loop 40 ---------
1 2 17 3 4 5 6 7 8 9 10 11 12 13 14 15 16 18 19 20 21 22 23 24 25 26 27 28 
======WorkstationCount: 33

-------- Model 301 Ant 200 Loop 100 ---------
1 2 3 17 6 4 5 7 8 9 10 11 12 13 14 15 16 18 19 20 21 22 23 24 25 26 27 28 
======WorkstationCount: 33

-------- Model 301 Ant 200 Loop 200 ---------
1 2 3 4 5 6 7 8 9 10 11 12 13 14 15 16 17 18 19 20 21 22 23 24 25 26 27 28 
======WorkstationCount: 34

-------- Model 301 Ant 500 Loop 10 ---------
6 1 2 3 4 5 7 8 9 17 10 11 12 13 14 15 16 18 19 20 21 22 23 24 25 26 27 28 
======WorkstationCount: 33

-------- Model 301 Ant 500 Loop 20 ---------
1 2 6 17 3 4 5 7 8 9 10 11 12 13 14 15 16 18 19 20 21 22 23 24 25 26 27 28 
======WorkstationCount: 33

-------- Model 301 Ant 500 Loop 40 ---------
1 2 6 17 3 4 5 7 8 9 10 11 12 13 14 15 16 18 19 20 21 22 23 24 25 26 27 28 
======WorkstationCount: 33

-------- Model 301 Ant 500 Loop 100 ---------
1 2 3 4 5 6 7 8 9 10 11 12 13 14 15 16 17 18 19 20 21 22 23 24 25 26 27 28 
======WorkstationCount: 34

-------- Model 301 Ant 500 Loop 200 ---------
1 2 3 4 5 6 7 8 9 10 11 12 13 14 15 16 17 18 19 20 21 22 23 24 25 26 27 28 
======WorkstationCount: 34

-------- Model 301 Ant 1000 Loop 10 ---------
1 2 6 17 3 4 5 7 8 9 10 11 12 13 14 15 16 18 19 20 21 22 23 24 25 26 27 28 
======WorkstationCount: 33

-------- Model 301 Ant 1000 Loop 20 ---------
1 2 6 17 3 4 5 7 8 9 10 11 12 13 14 15 16 18 19 20 21 22 23 24 25 26 27 28 
======WorkstationCount: 33

-------- Model 301 Ant 1000 Loop 40 ---------
1 2 3 17 6 4 5 7 8 9 10 11 12 13 14 15 16 18 19 20 21 22 23 24 25 26 27 28 
======WorkstationCount: 33

-------- Model 301 Ant 1000 Loop 100 ---------
1 2 3 4 5 6 7 8 9 10 11 12 13 14 15 16 17 18 19 20 21 22 23 24 25 26 27 28 
======WorkstationCount: 34

-------- Model 301 Ant 1000 Loop 200 ---------
1 2 3 4 5 6 7 8 9 10 11 12 13 14 15 16 17 18 19 20 21 22 23 24 25 26 27 28 
======WorkstationCount: 34

