-------- Model 303 Ant 100 Loop 10 ---------
1 2 26 8 9 10 27 15 16 3 4 5 6 7 11 12 13 14 17 18 19 20 21 22 23 24 25 28 29 30 31 32 33 
======WorkstationCount: 36

-------- Model 303 Ant 100 Loop 20 ---------
8 9 1 2 3 4 5 6 7 15 16 26 27 10 11 12 13 14 17 18 19 20 21 22 23 24 25 28 29 30 31 32 33 
======WorkstationCount: 36

-------- Model 303 Ant 100 Loop 40 ---------
8 9 10 1 2 26 15 16 27 3 4 5 6 7 11 12 13 14 17 18 19 20 21 22 23 24 25 28 29 30 31 32 33 
======WorkstationCount: 36

-------- Model 303 Ant 100 Loop 100 ---------
8 9 10 1 2 26 27 15 16 3 4 5 6 7 11 12 13 14 17 18 19 20 21 22 23 24 25 28 29 30 31 32 33 
======WorkstationCount: 36

-------- Model 303 Ant 100 Loop 200 ---------
1 2 3 4 5 6 7 8 9 10 11 12 13 14 15 16 17 18 19 20 21 22 23 24 25 26 27 28 29 30 31 32 33 
======WorkstationCount: 37

-------- Model 303 Ant 200 Loop 10 ---------
8 9 1 15 26 2 3 4 5 6 7 10 11 12 13 14 16 27 17 18 19 20 21 22 23 24 25 28 29 30 31 32 33 
======WorkstationCount: 35

-------- Model 303 Ant 200 Loop 20 ---------
1 2 26 27 8 15 16 9 10 3 4 5 6 7 11 12 13 14 17 18 19 20 21 22 23 24 25 28 29 30 31 32 33 
======WorkstationCount: 36

-------- Model 303 Ant 200 Loop 40 ---------
26 27 8 9 1 2 3 4 5 6 7 15 16 10 11 12 13 14 17 18 19 20 21 22 23 24 25 28 29 30 31 32 33 
======WorkstationCount: 36

-------- Model 303 Ant 200 Loop 100 ---------
15 16 1 2 26 27 8 9 10 3 4 5 6 7 11 12 13 14 17 18 19 20 21 22 23 24 25 28 29 30 31 32 33 
======WorkstationCount: 36

-------- Model 303 Ant 200 Loop 200 ---------
1 2 3 4 5 6 7 8 9 10 11 12 13 14 15 16 17 18 19 20 21 22 23 24 25 26 27 28 29 30 31 32 33 
======WorkstationCount: 37

-------- Model 303 Ant 500 Loop 10 ---------
8 9 1 2 26 15 16 10 3 4 5 6 7 11 12 13 14 17 18 19 20 21 22 23 24 25 27 28 29 30 31 32 33 
======WorkstationCount: 35

-------- Model 303 Ant 500 Loop 20 ---------
15 8 9 1 2 26 27 3 4 5 6 7 10 11 12 13 14 16 17 18 19 20 21 22 23 24 25 28 29 30 31 32 33 
======WorkstationCount: 35

-------- Model 303 Ant 500 Loop 40 ---------
8 9 1 2 3 4 5 6 7 15 16 26 27 10 11 12 13 14 17 18 19 20 21 22 23 24 25 28 29 30 31 32 33 
======WorkstationCount: 36

-------- Model 303 Ant 500 Loop 100 ---------
1 2 3 4 5 6 7 8 9 10 11 12 13 14 15 16 17 18 19 20 21 22 23 24 25 26 27 28 29 30 31 32 33 
======WorkstationCount: 37

-------- Model 303 Ant 500 Loop 200 ---------
1 2 3 4 5 6 7 8 9 10 11 12 13 14 15 16 17 18 19 20 21 22 23 24 25 26 27 28 29 30 31 32 33 
======WorkstationCount: 37

-------- Model 303 Ant 1000 Loop 10 ---------
8 9 1 2 26 27 10 15 16 3 4 5 6 7 11 12 13 14 17 18 19 20 21 22 23 24 25 28 29 30 31 32 33 
======WorkstationCount: 35

-------- Model 303 Ant 1000 Loop 20 ---------
8 9 1 2 26 15 16 27 10 3 4 5 6 7 11 12 13 14 17 18 19 20 21 22 23 24 25 28 29 30 31 32 33 
======WorkstationCount: 35

-------- Model 303 Ant 1000 Loop 40 ---------
1 2 26 15 16 8 9 10 27 3 4 5 6 7 11 12 13 14 17 18 19 20 21 22 23 24 25 28 29 30 31 32 33 
======WorkstationCount: 36

-------- Model 303 Ant 1000 Loop 100 ---------
1 2 3 4 5 6 7 8 9 10 11 12 13 14 15 16 17 18 19 20 21 22 23 24 25 26 27 28 29 30 31 32 33 
======WorkstationCount: 37

-------- Model 303 Ant 1000 Loop 200 ---------
1 2 3 4 5 6 7 8 9 10 11 12 13 14 15 16 17 18 19 20 21 22 23 24 25 26 27 28 29 30 31 32 33 
======WorkstationCount: 37

