-------- Model 305 Ant 100 Loop 10 ---------
1 18 19 20 22 23 24 25 26 21 7 8 9 10 11 2 3 4 5 6 12 13 14 15 16 17 27 28 29 30 31 32 
======WorkstationCount: 43

-------- Model 305 Ant 100 Loop 20 ---------
22 1 7 8 9 10 18 19 20 21 2 3 4 5 6 11 12 13 14 15 16 17 23 24 25 26 27 28 29 30 31 32 
======WorkstationCount: 43

-------- Model 305 Ant 100 Loop 40 ---------
7 8 9 10 11 22 1 18 19 20 21 2 3 4 5 6 12 13 14 15 16 17 23 24 25 26 27 28 29 30 31 32 
======WorkstationCount: 43

-------- Model 305 Ant 100 Loop 100 ---------
22 1 18 19 7 8 9 10 11 2 3 4 5 6 12 13 14 15 16 17 23 24 25 26 20 21 27 28 29 30 31 32 
======WorkstationCount: 43

-------- Model 305 Ant 100 Loop 200 ---------
22 18 19 20 21 7 8 9 10 11 1 2 3 4 5 6 12 13 14 15 16 17 23 24 25 26 27 28 29 30 31 32 
======WorkstationCount: 44

-------- Model 305 Ant 200 Loop 10 ---------
1 18 22 23 24 25 26 7 8 9 10 19 20 21 2 3 4 5 6 11 12 13 14 15 16 17 27 28 29 30 31 32 
======WorkstationCount: 43

-------- Model 305 Ant 200 Loop 20 ---------
22 7 8 9 10 11 18 1 2 3 4 5 6 12 13 14 15 16 17 23 24 25 26 19 20 21 27 28 29 30 31 32 
======WorkstationCount: 43

-------- Model 305 Ant 200 Loop 40 ---------
18 1 2 3 4 5 6 22 7 8 9 10 11 12 13 14 15 16 17 23 24 25 26 19 20 21 27 28 29 30 31 32 
======WorkstationCount: 43

-------- Model 305 Ant 200 Loop 100 ---------
1 2 3 4 5 6 7 8 9 10 11 12 13 14 15 16 17 18 19 20 21 22 23 24 25 26 27 28 29 30 31 32 
======WorkstationCount: 45

-------- Model 305 Ant 200 Loop 200 ---------
1 2 3 4 5 6 7 8 9 10 11 12 13 14 15 16 17 18 19 20 21 22 23 24 25 26 27 28 29 30 31 32 
======WorkstationCount: 45

-------- Model 305 Ant 500 Loop 10 ---------
1 18 19 20 21 22 7 8 9 2 3 4 5 6 10 11 12 13 14 15 16 17 23 24 25 26 27 28 29 30 31 32 
======WorkstationCount: 43

-------- Model 305 Ant 500 Loop 20 ---------
22 7 8 9 10 11 1 18 19 20 21 2 3 4 5 6 12 13 14 15 16 17 23 24 25 26 27 28 29 30 31 32 
======WorkstationCount: 43

-------- Model 305 Ant 500 Loop 40 ---------
1 2 3 4 5 6 7 8 9 10 11 12 13 14 15 16 17 18 19 20 21 22 23 24 25 26 27 28 29 30 31 32 
======WorkstationCount: 45

-------- Model 305 Ant 500 Loop 100 ---------
1 2 3 4 5 6 7 8 9 10 11 12 13 14 15 16 17 18 19 20 21 22 23 24 25 26 27 28 29 30 31 32 
======WorkstationCount: 45

-------- Model 305 Ant 500 Loop 200 ---------
1 2 3 4 5 6 7 8 9 10 11 12 13 14 15 16 17 18 19 20 21 22 23 24 25 26 27 28 29 30 31 32 
======WorkstationCount: 45

-------- Model 305 Ant 1000 Loop 10 ---------
18 1 2 3 4 5 6 19 20 22 23 24 25 26 7 8 9 10 11 12 13 14 15 16 17 21 27 28 29 30 31 32 
======WorkstationCount: 43

-------- Model 305 Ant 1000 Loop 20 ---------
1 18 7 8 22 19 20 21 2 3 4 5 6 9 10 11 12 13 14 15 16 17 23 24 25 26 27 28 29 30 31 32 
======WorkstationCount: 43

-------- Model 305 Ant 1000 Loop 40 ---------
1 2 3 4 5 6 7 8 9 10 11 12 13 14 15 16 17 18 19 20 21 22 23 24 25 26 27 28 29 30 31 32 
======WorkstationCount: 45

-------- Model 305 Ant 1000 Loop 100 ---------
1 2 3 4 5 6 7 8 9 10 11 12 13 14 15 16 17 18 19 20 21 22 23 24 25 26 27 28 29 30 31 32 
======WorkstationCount: 45

-------- Model 305 Ant 1000 Loop 200 ---------
1 2 3 4 5 6 7 8 9 10 11 12 13 14 15 16 17 18 19 20 21 22 23 24 25 26 27 28 29 30 31 32 
======WorkstationCount: 45

