-------- Model 703 Ant 100 Loop 10 ---------
1 25 50 51 52 53 54 55 46 20 21 22 23 24 26 27 28 29 30 2 3 4 5 6 7 8 9 10 11 12 13 14 15 16 17 18 19 31 32 33 34 35 36 37 38 39 40 41 42 43 44 45 47 48 49 56 57 58 59 60 61 62 63 64 65 
======WorkstationCount: 81

-------- Model 703 Ant 100 Loop 20 ---------
25 50 1 8 9 10 11 26 27 28 29 30 20 21 22 23 24 46 47 48 51 52 53 54 55 2 3 4 5 6 7 12 13 14 15 16 17 18 19 31 32 33 34 35 36 37 38 39 40 41 42 43 44 45 49 56 57 58 59 60 61 62 63 64 65 
======WorkstationCount: 81

-------- Model 703 Ant 100 Loop 40 ---------
50 25 26 27 28 29 30 20 21 22 23 24 1 2 3 4 5 6 46 47 48 49 51 52 53 54 55 56 57 58 59 60 7 8 9 10 11 12 13 14 15 16 17 18 19 31 32 33 34 35 36 37 38 39 40 41 42 43 44 45 61 62 63 64 65 
======WorkstationCount: 81

-------- Model 703 Ant 100 Loop 100 ---------
8 20 21 22 23 24 25 50 51 52 53 54 55 46 1 2 3 4 5 6 7 47 48 49 26 27 28 29 30 9 10 11 12 13 14 15 16 17 18 19 31 32 33 34 35 36 56 57 58 59 60 37 38 39 40 41 42 43 44 45 61 62 63 64 65 
======WorkstationCount: 81

-------- Model 703 Ant 100 Loop 200 ---------
50 25 26 27 28 29 30 20 21 22 23 24 8 9 10 11 1 2 3 4 5 6 7 12 13 14 15 16 17 18 19 31 32 33 34 35 36 37 38 39 40 41 42 43 44 45 51 52 53 54 55 46 47 48 49 56 57 58 59 60 61 62 63 64 65 
======WorkstationCount: 81

-------- Model 703 Ant 200 Loop 10 ---------
46 20 1 25 50 51 52 53 54 55 47 48 49 26 27 28 29 30 2 3 4 5 6 7 21 56 57 58 59 60 8 9 10 11 12 13 14 15 16 17 18 19 22 23 24 31 32 33 34 35 36 37 38 39 40 41 42 43 44 45 61 62 63 64 65 
======WorkstationCount: 80

-------- Model 703 Ant 200 Loop 20 ---------
8 50 25 26 20 1 2 3 4 5 6 7 21 22 23 24 46 47 48 49 9 10 11 12 13 14 15 16 17 18 19 27 28 29 30 31 32 33 34 35 36 37 38 39 40 41 42 43 44 45 51 52 53 54 55 56 57 58 59 60 61 62 63 64 65 
======WorkstationCount: 81

-------- Model 703 Ant 200 Loop 40 ---------
1 2 3 25 50 51 52 53 46 8 9 10 11 26 27 28 29 30 20 21 22 23 24 47 48 49 31 32 33 34 35 36 54 55 56 57 58 59 60 4 5 6 7 12 13 14 15 16 17 18 19 37 38 39 40 41 42 43 44 45 61 62 63 64 65 
======WorkstationCount: 81

-------- Model 703 Ant 200 Loop 100 ---------
1 8 9 20 50 25 26 27 28 29 30 21 22 23 24 46 47 48 49 51 52 53 54 55 56 57 58 59 60 2 3 4 5 6 7 10 11 12 13 14 15 16 17 18 19 31 32 33 34 35 36 37 38 39 40 41 42 43 44 45 61 62 63 64 65 
======WorkstationCount: 80

-------- Model 703 Ant 200 Loop 200 ---------
1 2 3 4 5 6 7 8 9 10 11 12 13 14 15 16 17 18 19 20 21 22 23 24 25 26 27 28 29 30 31 32 33 34 35 36 37 38 39 40 41 42 43 44 45 46 47 48 49 50 51 52 53 54 55 56 57 58 59 60 61 62 63 64 65 
======WorkstationCount: 84

-------- Model 703 Ant 500 Loop 10 ---------
50 51 1 8 9 20 25 26 27 28 29 30 52 53 54 55 46 47 48 49 56 57 58 59 60 2 3 4 5 6 7 10 11 12 13 14 15 16 17 18 19 21 22 23 24 31 32 33 34 35 36 37 38 39 40 41 42 43 44 45 61 62 63 64 65 
======WorkstationCount: 80

-------- Model 703 Ant 500 Loop 20 ---------
1 2 3 4 5 6 7 46 8 9 20 50 25 26 27 28 29 30 21 22 23 24 47 48 49 10 11 12 13 14 15 16 17 18 19 31 32 33 34 35 36 37 38 39 40 41 42 43 44 45 51 52 53 54 55 56 57 58 59 60 61 62 63 64 65 
======WorkstationCount: 79

-------- Model 703 Ant 500 Loop 40 ---------
8 1 25 50 51 52 53 54 55 26 27 28 29 30 2 3 4 5 6 7 9 20 21 22 23 24 31 32 33 34 35 36 10 11 46 47 48 49 56 57 58 59 60 12 13 14 15 16 17 18 19 37 38 39 40 41 42 43 44 45 61 62 63 64 65 
======WorkstationCount: 81

-------- Model 703 Ant 500 Loop 100 ---------
1 2 3 4 5 6 7 8 9 10 11 12 13 14 15 16 17 18 19 20 21 22 23 24 25 26 27 28 29 30 31 32 33 34 35 36 37 38 39 40 41 42 43 44 45 46 47 48 49 50 51 52 53 54 55 56 57 58 59 60 61 62 63 64 65 
======WorkstationCount: 84

-------- Model 703 Ant 500 Loop 200 ---------
1 2 3 4 5 6 7 8 9 10 11 12 13 14 15 16 17 18 19 20 21 22 23 24 25 26 27 28 29 30 31 32 33 34 35 36 37 38 39 40 41 42 43 44 45 46 47 48 49 50 51 52 53 54 55 56 57 58 59 60 61 62 63 64 65 
======WorkstationCount: 84

-------- Model 703 Ant 1000 Loop 10 ---------
46 8 50 20 21 1 51 52 53 54 55 47 48 49 56 57 58 59 60 9 25 26 27 28 29 30 2 3 4 5 6 7 10 11 12 13 14 15 16 17 18 19 22 23 24 31 32 33 34 35 36 37 38 39 40 41 42 43 44 45 61 62 63 64 65 
======WorkstationCount: 80

-------- Model 703 Ant 1000 Loop 20 ---------
1 46 47 48 49 8 9 20 21 25 26 27 28 29 30 2 3 4 5 6 7 10 11 12 13 14 15 16 17 18 19 22 23 24 50 51 52 53 54 55 56 57 58 59 60 31 32 33 34 35 36 37 38 39 40 41 42 43 44 45 61 62 63 64 65 
======WorkstationCount: 80

-------- Model 703 Ant 1000 Loop 40 ---------
1 2 3 4 5 6 7 8 9 10 11 12 13 14 15 16 17 18 19 20 21 22 23 24 25 26 27 28 29 30 31 32 33 34 35 36 37 38 39 40 41 42 43 44 45 46 47 48 49 50 51 52 53 54 55 56 57 58 59 60 61 62 63 64 65 
======WorkstationCount: 84

-------- Model 703 Ant 1000 Loop 100 ---------
1 2 3 4 5 6 7 8 9 10 11 12 13 14 15 16 17 18 19 20 21 22 23 24 25 26 27 28 29 30 31 32 33 34 35 36 37 38 39 40 41 42 43 44 45 46 47 48 49 50 51 52 53 54 55 56 57 58 59 60 61 62 63 64 65 
======WorkstationCount: 84

-------- Model 703 Ant 1000 Loop 200 ---------
1 2 3 4 5 6 7 8 9 10 11 12 13 14 15 16 17 18 19 20 21 22 23 24 25 26 27 28 29 30 31 32 33 34 35 36 37 38 39 40 41 42 43 44 45 46 47 48 49 50 51 52 53 54 55 56 57 58 59 60 61 62 63 64 65 
======WorkstationCount: 84

