-------- Model 704 Ant 100 Loop 10 ---------
56 1 18 23 51 52 24 25 26 27 28 57 58 59 65 19 20 21 22 29 30 31 32 33 34 35 36 37 38 39 40 41 42 53 54 55 2 3 4 5 6 7 8 9 10 11 12 13 66 67 68 69 70 14 15 16 17 43 44 45 46 47 48 49 50 60 61 62 63 64 71 72 73 74 75 
======WorkstationCount: 88

-------- Model 704 Ant 100 Loop 20 ---------
18 19 65 51 23 24 25 26 27 28 52 53 54 55 66 67 68 69 70 1 56 9 10 11 12 13 57 58 59 60 61 2 3 4 5 6 7 8 14 15 16 17 62 63 64 20 21 22 29 30 31 32 33 34 35 36 37 38 39 40 41 42 43 44 45 46 47 48 49 50 71 72 73 74 75 
======WorkstationCount: 88

-------- Model 704 Ant 100 Loop 40 ---------
56 51 23 24 25 26 27 28 65 18 19 20 21 22 9 10 11 12 13 66 67 68 69 70 1 2 3 4 5 6 7 8 14 15 16 17 29 30 31 32 33 34 35 36 37 38 39 40 41 42 43 44 45 46 47 48 49 50 57 58 59 60 61 52 53 54 55 62 63 64 71 72 73 74 75 
======WorkstationCount: 88

-------- Model 704 Ant 100 Loop 100 ---------
1 56 57 23 24 25 26 27 28 65 18 19 20 21 22 9 10 11 12 13 51 52 53 54 55 58 59 60 61 62 63 64 2 3 4 5 6 7 8 14 15 16 17 29 30 31 32 33 34 35 36 37 38 39 40 41 42 43 44 45 46 47 48 49 50 66 67 68 69 70 71 72 73 74 75 
======WorkstationCount: 89

-------- Model 704 Ant 100 Loop 200 ---------
9 10 11 12 13 65 1 2 3 4 5 6 7 8 14 15 16 17 56 57 51 18 19 20 21 22 23 24 25 26 27 28 29 30 31 32 33 34 35 36 37 38 39 40 41 42 43 44 45 46 47 48 49 50 66 67 68 69 70 52 53 54 55 58 59 60 61 62 63 64 71 72 73 74 75 
======WorkstationCount: 89

-------- Model 704 Ant 200 Loop 10 ---------
51 23 24 25 26 27 28 65 9 10 11 12 13 66 67 68 69 70 52 53 54 55 18 19 20 21 22 29 30 31 32 33 34 35 36 37 38 39 40 41 42 1 56 57 58 59 60 61 2 3 4 5 6 7 8 14 15 16 17 43 44 45 46 47 48 49 50 62 63 64 71 72 73 74 75 
======WorkstationCount: 88

-------- Model 704 Ant 200 Loop 20 ---------
56 18 19 20 21 22 51 65 1 23 24 25 52 9 10 11 12 13 66 67 68 69 70 53 54 55 57 58 59 60 61 2 3 4 5 6 7 8 14 15 16 17 62 63 64 26 27 28 29 30 31 32 33 34 35 36 37 38 39 40 41 42 43 44 45 46 47 48 49 50 71 72 73 74 75 
======WorkstationCount: 88

-------- Model 704 Ant 200 Loop 40 ---------
18 51 23 56 1 65 2 9 10 11 12 13 66 67 68 69 70 24 25 26 27 28 52 53 54 55 57 58 59 60 61 62 63 64 19 20 21 22 29 30 31 32 33 34 35 36 37 38 39 40 41 42 3 4 5 6 7 8 14 15 16 17 43 44 45 46 47 48 49 50 71 72 73 74 75 
======WorkstationCount: 88

-------- Model 704 Ant 200 Loop 100 ---------
18 56 51 23 24 25 26 27 28 65 9 10 11 12 13 66 67 68 69 70 1 2 3 4 5 6 7 8 14 15 16 17 57 58 59 60 61 52 53 54 55 62 63 64 19 20 21 22 29 30 31 32 33 34 35 36 37 38 39 40 41 42 43 44 45 46 47 48 49 50 71 72 73 74 75 
======WorkstationCount: 87

-------- Model 704 Ant 200 Loop 200 ---------
1 2 3 4 5 6 7 8 9 10 11 12 13 14 15 16 17 18 19 20 21 22 23 24 25 26 27 28 29 30 31 32 33 34 35 36 37 38 39 40 41 42 43 44 45 46 47 48 49 50 51 52 53 54 55 56 57 58 59 60 61 62 63 64 65 66 67 68 69 70 71 72 73 74 75 
======WorkstationCount: 91

-------- Model 704 Ant 500 Loop 10 ---------
23 24 25 26 27 28 18 19 20 21 22 51 65 9 10 11 12 13 66 67 68 69 70 1 56 57 58 2 3 4 5 6 7 8 52 53 54 55 29 30 31 32 33 34 35 36 37 38 39 40 41 42 14 15 16 17 43 44 45 46 47 48 49 50 59 60 61 62 63 64 71 72 73 74 75 
======WorkstationCount: 88

-------- Model 704 Ant 500 Loop 20 ---------
65 66 67 68 69 70 1 56 9 10 11 12 13 18 23 24 25 26 27 28 19 20 21 22 57 58 59 60 61 2 3 4 5 6 7 8 14 15 16 17 51 52 53 54 55 62 63 64 29 30 31 32 33 34 35 36 37 38 39 40 41 42 43 44 45 46 47 48 49 50 71 72 73 74 75 
======WorkstationCount: 88

-------- Model 704 Ant 500 Loop 40 ---------
65 18 9 10 11 12 13 23 51 52 53 54 55 1 56 57 58 66 67 68 69 70 2 3 4 5 6 7 8 14 15 16 17 59 60 61 62 63 64 19 20 21 22 24 25 26 27 28 29 30 31 32 33 34 35 36 37 38 39 40 41 42 43 44 45 46 47 48 49 50 71 72 73 74 75 
======WorkstationCount: 87

-------- Model 704 Ant 500 Loop 100 ---------
1 2 3 4 5 6 7 8 9 10 11 12 13 14 15 16 17 18 19 20 21 22 23 24 25 26 27 28 29 30 31 32 33 34 35 36 37 38 39 40 41 42 43 44 45 46 47 48 49 50 51 52 53 54 55 56 57 58 59 60 61 62 63 64 65 66 67 68 69 70 71 72 73 74 75 
======WorkstationCount: 91

-------- Model 704 Ant 500 Loop 200 ---------
1 2 3 4 5 6 7 8 9 10 11 12 13 14 15 16 17 18 19 20 21 22 23 24 25 26 27 28 29 30 31 32 33 34 35 36 37 38 39 40 41 42 43 44 45 46 47 48 49 50 51 52 53 54 55 56 57 58 59 60 61 62 63 64 65 66 67 68 69 70 71 72 73 74 75 
======WorkstationCount: 91

-------- Model 704 Ant 1000 Loop 10 ---------
51 23 24 25 26 27 28 65 56 57 18 52 53 54 55 58 59 60 61 62 63 64 19 9 10 11 12 13 66 67 68 69 70 1 2 3 4 5 6 7 8 14 15 16 17 20 21 22 29 30 31 32 33 34 35 36 37 38 39 40 41 42 43 44 45 46 47 48 49 50 71 72 73 74 75 
======WorkstationCount: 87

-------- Model 704 Ant 1000 Loop 20 ---------
51 23 24 25 26 27 28 65 18 19 9 10 11 12 13 66 67 68 69 70 1 56 57 58 59 60 61 2 3 4 5 6 7 8 14 15 16 17 20 21 22 29 30 31 32 33 34 35 36 37 38 39 40 41 42 43 44 45 46 47 48 49 50 52 53 54 55 62 63 64 71 72 73 74 75 
======WorkstationCount: 87

-------- Model 704 Ant 1000 Loop 40 ---------
1 2 3 4 5 6 7 8 9 10 11 12 13 14 15 16 17 18 19 20 21 22 23 24 25 26 27 28 29 30 31 32 33 34 35 36 37 38 39 40 41 42 43 44 45 46 47 48 49 50 51 52 53 54 55 56 57 58 59 60 61 62 63 64 65 66 67 68 69 70 71 72 73 74 75 
======WorkstationCount: 91

-------- Model 704 Ant 1000 Loop 100 ---------
1 2 3 4 5 6 7 8 9 10 11 12 13 14 15 16 17 18 19 20 21 22 23 24 25 26 27 28 29 30 31 32 33 34 35 36 37 38 39 40 41 42 43 44 45 46 47 48 49 50 51 52 53 54 55 56 57 58 59 60 61 62 63 64 65 66 67 68 69 70 71 72 73 74 75 
======WorkstationCount: 91

-------- Model 704 Ant 1000 Loop 200 ---------
1 2 3 4 5 6 7 8 9 10 11 12 13 14 15 16 17 18 19 20 21 22 23 24 25 26 27 28 29 30 31 32 33 34 35 36 37 38 39 40 41 42 43 44 45 46 47 48 49 50 51 52 53 54 55 56 57 58 59 60 61 62 63 64 65 66 67 68 69 70 71 72 73 74 75 
======WorkstationCount: 91

