-------- Model 1003 Ant 100 Loop 10 ---------
1 2 3 4 5 6 7 9 10 11 12 13 14 15 88 64 65 66 67 68 69 26 27 28 29 30 22 70 71 72 73 74 75 76 77 78 23 24 25 89 90 91 92 93 94 95 96 31 32 33 34 35 97 98 99 100 101 79 80 81 82 83 8 16 17 18 19 20 21 36 37 38 39 40 41 42 43 44 45 46 47 48 49 50 51 52 53 54 55 56 57 58 59 60 61 62 63 84 85 86 87 102 103 104 105 106 
======WorkstationCount: 127

-------- Model 1003 Ant 100 Loop 20 ---------
70 1 2 3 4 5 6 7 8 22 23 9 10 11 12 13 14 15 16 17 18 19 20 21 64 65 66 67 24 25 88 89 90 91 92 93 26 27 28 29 30 31 32 33 34 35 36 37 38 39 40 41 42 43 44 45 46 47 48 49 50 51 52 53 54 55 56 57 58 59 68 69 60 61 62 63 71 72 73 74 75 76 77 78 79 80 81 82 83 84 85 86 87 94 95 96 97 98 99 100 101 102 103 104 105 106 
======WorkstationCount: 127

-------- Model 1003 Ant 100 Loop 30 ---------
93 94 95 96 88 64 1 2 3 4 5 6 7 8 65 66 26 27 22 9 70 71 89 90 91 92 97 98 99 100 101 10 11 12 13 14 15 72 73 74 75 76 77 78 23 24 25 28 29 30 31 32 33 34 35 16 17 18 19 20 21 36 37 38 39 40 41 42 43 44 45 46 47 48 49 50 51 52 53 54 55 56 57 58 59 60 61 62 63 67 68 69 79 80 81 82 83 84 85 86 87 102 103 104 105 106 
======WorkstationCount: 127

-------- Model 1003 Ant 200 Loop 10 ---------
88 89 90 9 10 22 70 1 93 94 95 26 27 28 29 64 65 66 11 12 13 14 15 67 68 69 91 92 71 72 73 74 75 76 23 24 25 2 3 4 5 6 7 8 16 96 30 31 32 33 34 35 97 98 99 100 101 17 18 19 20 21 36 37 38 39 40 41 42 43 44 45 46 47 48 49 50 51 52 53 54 55 56 77 78 79 80 81 82 83 57 58 59 60 61 62 63 84 85 86 87 102 103 104 105 106 
======WorkstationCount: 127

-------- Model 1003 Ant 200 Loop 20 ---------
70 22 9 10 11 12 13 14 15 23 24 93 94 88 89 90 91 92 1 2 3 71 72 73 74 75 76 77 78 26 27 28 29 30 64 65 66 67 68 69 79 80 81 82 83 95 96 97 98 99 100 101 25 31 32 33 34 35 4 5 6 7 8 16 17 18 19 20 21 36 37 38 39 40 41 42 43 44 45 46 47 48 49 50 51 52 53 54 55 56 57 58 59 60 61 62 63 84 85 86 87 102 103 104 105 106 
======WorkstationCount: 126

-------- Model 1003 Ant 200 Loop 30 ---------
93 22 1 64 9 10 11 12 13 14 15 65 66 67 68 69 26 27 28 29 30 2 3 4 5 6 7 8 23 24 25 31 32 33 34 35 94 88 70 71 72 73 74 75 76 77 78 79 80 81 82 83 16 17 18 19 20 21 36 37 38 39 40 41 42 43 44 45 46 47 48 49 50 51 52 53 54 55 56 57 58 59 60 61 62 63 84 85 86 87 95 96 89 90 91 92 97 98 99 100 101 102 103 104 105 106 
======WorkstationCount: 127

-------- Model 1003 Ant 300 Loop 10 ---------
93 94 70 71 72 73 74 75 76 77 78 88 22 9 1 64 65 66 67 68 69 2 3 4 5 6 7 8 26 27 28 29 30 23 24 25 10 11 95 96 89 90 91 92 97 98 99 100 101 79 80 81 82 83 31 32 33 34 35 12 13 14 15 16 17 18 19 20 21 36 37 38 39 40 41 42 43 44 45 46 47 48 49 50 51 52 53 54 55 56 57 58 59 60 61 62 63 84 85 86 87 102 103 104 105 106 
======WorkstationCount: 127

-------- Model 1003 Ant 300 Loop 20 ---------
9 64 65 22 26 27 70 93 94 95 1 2 3 4 5 6 7 96 88 89 90 91 92 97 98 99 100 101 66 67 71 72 73 74 75 76 77 78 23 24 25 10 11 12 13 14 28 29 30 31 32 33 34 35 15 8 16 17 18 19 20 21 36 37 38 39 40 41 42 43 44 45 46 47 48 49 50 51 52 53 54 55 56 57 58 59 60 61 68 69 79 80 81 82 83 62 63 84 85 86 87 102 103 104 105 106 
======WorkstationCount: 127

-------- Model 1003 Ant 300 Loop 30 ---------
93 9 64 1 2 3 4 5 6 7 70 22 26 27 28 29 30 23 24 25 10 11 12 13 14 15 94 95 96 88 89 90 91 92 71 72 73 74 75 76 77 78 65 66 67 68 69 79 80 81 82 83 97 98 99 100 101 31 32 33 34 35 8 16 17 18 19 20 21 36 37 38 39 40 41 42 43 44 45 46 47 48 49 50 51 52 53 54 55 56 57 58 59 60 61 62 63 84 85 86 87 102 103 104 105 106 
======WorkstationCount: 126

-------- Model 1003 Ant 500 Loop 10 ---------
22 70 64 1 93 94 95 96 88 89 90 9 10 11 12 13 14 15 65 23 24 25 26 27 28 29 30 31 32 33 34 35 71 72 73 74 75 76 77 78 66 67 68 69 79 80 81 82 83 2 3 4 5 6 7 8 16 17 18 19 20 21 36 37 38 39 40 41 42 43 44 45 46 47 48 49 50 51 52 53 54 55 56 57 58 59 60 61 62 63 84 91 92 97 98 99 100 101 85 86 87 102 103 104 105 106 
======WorkstationCount: 127

-------- Model 1003 Ant 500 Loop 20 ---------
26 27 9 22 64 65 66 67 68 69 93 94 95 96 88 1 2 3 4 5 6 7 8 23 24 25 10 11 12 13 14 15 16 17 18 19 20 21 28 29 30 31 32 33 34 35 36 37 38 39 40 41 42 43 44 45 46 47 48 49 50 51 52 53 54 55 56 57 58 59 60 61 62 63 70 71 72 73 74 75 76 77 78 89 90 91 92 97 98 99 100 101 79 80 81 82 83 84 85 86 87 102 103 104 105 106 
======WorkstationCount: 127

-------- Model 1003 Ant 500 Loop 30 ---------
1 2 3 4 5 6 7 8 93 94 95 96 22 70 71 72 73 74 75 76 77 78 88 64 26 27 89 90 91 92 23 24 25 28 29 30 31 32 33 34 35 65 66 67 68 69 9 10 11 12 13 14 15 16 17 18 19 20 21 36 37 38 39 40 41 42 43 44 45 46 47 48 49 50 51 52 53 54 55 56 57 58 59 60 61 62 63 79 80 81 82 83 84 85 86 87 97 98 99 100 101 102 103 104 105 106 
======WorkstationCount: 126

-------- Model 1003 Ant 700 Loop 10 ---------
64 70 9 65 10 11 12 13 14 15 93 94 1 2 71 72 73 74 75 76 77 78 88 89 90 91 92 66 67 68 69 79 80 81 82 83 26 27 22 23 24 25 3 4 5 6 7 8 16 17 18 19 20 21 28 95 96 29 30 31 32 33 34 35 36 37 38 39 40 41 42 43 44 45 46 47 48 49 50 51 52 53 54 55 56 57 58 59 60 61 62 63 84 85 86 87 97 98 99 100 101 102 103 104 105 106 
======WorkstationCount: 126

-------- Model 1003 Ant 700 Loop 20 ---------
70 22 88 64 26 27 9 10 11 12 13 14 15 89 90 91 92 28 29 30 23 24 25 1 2 3 4 5 6 7 8 16 17 18 19 20 21 65 66 67 68 69 93 94 95 96 31 32 33 34 35 36 37 38 39 40 41 42 43 44 45 46 47 48 49 50 51 52 53 54 55 56 57 58 59 60 61 62 63 71 72 73 74 75 76 77 78 79 80 81 82 83 84 85 86 87 97 98 99 100 101 102 103 104 105 106 
======WorkstationCount: 126

-------- Model 1003 Ant 1000 Loop 10 ---------
22 9 1 2 3 4 88 64 65 66 67 68 69 93 94 70 71 72 89 26 27 28 29 30 23 24 25 10 11 12 13 14 15 31 32 33 34 35 73 74 75 76 77 78 5 6 7 8 16 17 18 19 20 21 36 37 38 39 40 41 42 43 44 45 46 47 48 49 50 51 52 53 54 55 56 57 58 59 60 61 62 63 79 80 81 82 83 84 85 86 87 95 96 90 91 92 97 98 99 100 101 102 103 104 105 106 
======WorkstationCount: 125

-------- Model 1003 Ant 1000 Loop 20 ---------
1 2 3 4 5 6 7 8 93 88 64 65 66 67 68 69 26 27 28 29 30 9 10 11 12 13 14 15 22 70 71 72 73 74 75 76 77 78 94 95 96 89 90 91 92 23 24 25 31 32 33 34 35 16 17 18 19 20 21 36 37 38 39 40 41 42 43 44 45 46 47 48 49 50 51 52 53 54 55 56 57 58 59 60 61 62 63 79 80 81 82 83 84 85 86 87 97 98 99 100 101 102 103 104 105 106 
======WorkstationCount: 126

-------- Model 1003 Ant 2000 Loop 10 ---------
1 2 22 70 71 93 26 27 28 29 30 88 89 90 91 94 95 96 9 10 11 12 13 14 15 72 73 74 75 76 77 78 64 65 66 67 68 69 23 24 25 3 4 5 31 32 33 34 35 79 80 81 82 83 6 7 8 16 17 18 19 20 21 36 37 38 39 40 41 42 43 44 45 46 47 48 49 50 51 52 53 54 55 56 57 58 59 60 61 62 63 84 85 86 87 92 97 98 99 100 101 102 103 104 105 106 
======WorkstationCount: 126

-------- Model 1003 Ant 2000 Loop 20 ---------
93 64 65 66 67 68 69 26 27 88 89 90 1 2 3 4 5 6 7 8 94 95 96 70 71 72 73 74 75 76 77 78 9 22 23 24 25 10 11 12 13 14 15 16 17 18 19 20 21 28 29 30 31 91 92 97 98 99 100 101 32 33 34 35 36 37 38 39 40 41 42 43 44 45 46 47 48 49 50 51 52 53 54 55 56 57 58 59 60 61 62 63 79 80 81 82 83 84 85 86 87 102 103 104 105 106 
======WorkstationCount: 126

-------- Model 1003 Ant 5000 Loop 10 ---------
64 93 88 89 90 91 92 1 2 3 4 5 6 7 8 70 22 9 23 24 25 10 11 12 13 14 15 65 66 67 68 69 26 27 28 29 30 31 32 33 34 35 16 17 18 19 20 21 36 37 38 39 40 41 42 43 44 45 46 47 48 49 50 51 52 53 54 55 56 57 58 59 60 61 62 63 71 72 73 74 75 76 77 78 79 80 81 82 83 84 85 86 87 94 95 96 97 98 99 100 101 102 103 104 105 106 
======WorkstationCount: 126

-------- Model 1003 Ant 5000 Loop 20 ---------
1 2 3 4 5 6 7 8 9 10 11 12 13 14 15 16 17 18 19 20 21 22 23 24 25 26 27 28 29 30 31 32 33 34 35 36 37 38 39 40 41 42 43 44 45 46 47 48 49 50 51 52 53 54 55 56 57 58 59 60 61 62 63 64 65 66 67 68 69 70 71 72 73 74 75 76 77 78 79 80 81 82 83 84 85 86 87 88 89 90 91 92 93 94 95 96 97 98 99 100 101 102 103 104 105 106 
======WorkstationCount: 131

-------- Model 1003 Ant 10000 Loop 10 ---------
26 27 28 93 94 95 70 71 72 73 74 75 76 77 78 88 1 2 64 65 66 67 68 69 9 10 11 12 13 14 22 23 24 25 89 90 91 92 96 15 3 4 5 6 7 8 16 17 18 19 20 21 29 30 31 32 33 34 35 36 37 38 39 40 41 42 43 44 45 46 47 48 49 50 51 52 53 54 55 56 57 58 59 60 61 62 63 79 80 81 82 83 84 85 86 87 97 98 99 100 101 102 103 104 105 106 
======WorkstationCount: 125

-------- Model 1003 Ant 10000 Loop 20 ---------
70 22 9 88 89 64 1 2 3 4 5 6 7 8 23 24 93 94 95 10 11 12 13 14 15 71 72 73 74 75 76 77 78 90 91 92 96 26 27 28 29 30 65 66 67 68 69 25 31 32 33 34 35 16 17 18 19 20 21 36 37 38 39 40 41 42 43 44 45 46 47 48 49 50 51 52 53 54 55 56 57 58 59 60 61 62 63 79 80 81 82 83 84 85 86 87 97 98 99 100 101 102 103 104 105 106 
======WorkstationCount: 125

