-------- Model 705 Ant 100 Loop 10 ---------
35 14 58 59 60 61 62 1 2 54 55 56 57 63 64 65 66 67 68 69 15 16 17 36 37 38 39 22 44 45 46 47 23 24 25 26 27 18 19 20 21 3 4 5 6 7 8 9 10 11 12 13 48 28 29 30 31 32 33 34 40 41 42 43 49 50 51 52 53 70 71 72 73 74 
======WorkstationCount: 85

-------- Model 705 Ant 100 Loop 20 ---------
22 23 24 25 26 27 44 45 46 47 48 14 15 35 58 36 1 2 54 55 56 57 16 17 18 19 20 21 59 60 61 62 63 64 65 66 67 68 69 3 4 5 6 7 8 9 10 11 12 13 28 29 30 31 32 33 34 37 38 39 40 41 42 43 49 50 51 52 53 70 71 72 73 74 
======WorkstationCount: 84

-------- Model 705 Ant 100 Loop 40 ---------
35 22 23 24 25 26 27 58 59 60 61 14 44 45 54 55 56 57 1 2 3 4 5 6 7 8 9 10 11 12 13 36 37 38 39 15 16 17 18 19 20 21 28 29 30 31 32 33 34 40 41 42 43 46 47 48 49 50 51 52 53 62 63 64 65 66 67 68 69 70 71 72 73 74 
======WorkstationCount: 85

-------- Model 705 Ant 100 Loop 100 ---------
1 44 45 46 47 48 14 15 16 17 18 19 20 21 54 58 35 36 55 56 57 59 60 61 62 63 64 65 66 67 68 69 2 3 4 5 6 7 8 9 10 11 12 13 22 23 24 25 26 27 28 29 30 31 32 33 34 37 38 39 40 41 42 43 49 50 51 52 53 70 71 72 73 74 
======WorkstationCount: 84

-------- Model 705 Ant 100 Loop 200 ---------
58 59 60 61 62 44 45 46 47 48 14 1 2 3 4 5 6 7 8 9 10 11 12 13 22 54 55 56 57 63 64 65 66 67 68 69 15 16 17 18 19 20 21 23 24 25 26 27 28 29 30 31 32 33 34 35 36 37 38 39 40 41 42 43 49 50 51 52 53 70 71 72 73 74 
======WorkstationCount: 84

-------- Model 705 Ant 200 Loop 10 ---------
44 45 14 15 16 17 18 19 20 21 46 54 58 55 56 57 59 60 61 62 35 36 37 38 39 47 48 1 2 3 4 5 6 7 8 9 10 11 12 13 22 23 24 25 26 27 28 29 30 31 32 33 34 40 41 42 43 49 50 51 52 53 63 64 65 66 67 68 69 70 71 72 73 74 
======WorkstationCount: 85

-------- Model 705 Ant 200 Loop 20 ---------
44 45 46 47 48 58 35 36 14 59 60 61 62 1 2 3 4 5 6 7 8 9 10 11 12 13 22 23 24 25 26 27 54 55 56 57 63 64 65 66 67 68 69 15 16 17 18 19 20 21 28 29 30 31 32 33 34 37 38 39 40 41 42 43 49 50 51 52 53 70 71 72 73 74 
======WorkstationCount: 85

-------- Model 705 Ant 200 Loop 40 ---------
1 44 45 46 47 48 35 36 37 38 39 14 15 16 17 18 19 20 21 2 3 4 5 6 7 8 9 10 11 12 13 22 23 24 25 26 27 28 29 30 31 32 33 34 40 41 42 43 49 50 51 52 53 58 54 55 56 57 59 60 61 62 63 64 65 66 67 68 69 70 71 72 73 74 
======WorkstationCount: 84

-------- Model 705 Ant 200 Loop 100 ---------
1 2 3 4 5 6 7 8 9 10 11 12 13 14 15 16 17 18 19 20 21 22 23 24 25 26 27 28 29 30 31 32 33 34 35 36 37 38 39 40 41 42 43 44 45 46 47 48 49 50 51 52 53 54 55 56 57 58 59 60 61 62 63 64 65 66 67 68 69 70 71 72 73 74 
======WorkstationCount: 87

-------- Model 705 Ant 200 Loop 200 ---------
1 2 3 4 5 6 7 8 9 10 11 12 13 14 15 16 17 18 19 20 21 22 23 24 25 26 27 28 29 30 31 32 33 34 35 36 37 38 39 40 41 42 43 44 45 46 47 48 49 50 51 52 53 54 55 56 57 58 59 60 61 62 63 64 65 66 67 68 69 70 71 72 73 74 
======WorkstationCount: 87

-------- Model 705 Ant 500 Loop 10 ---------
58 54 44 45 46 47 48 14 35 36 59 60 61 15 16 17 18 55 56 1 2 3 4 5 6 7 8 9 10 11 12 13 22 23 24 25 26 27 57 37 38 39 19 20 21 28 29 30 31 32 33 34 40 41 42 43 49 50 51 52 53 62 63 64 65 66 67 68 69 70 71 72 73 74 
======WorkstationCount: 84

-------- Model 705 Ant 500 Loop 20 ---------
58 54 55 56 57 35 22 23 24 25 26 27 1 44 45 2 3 4 5 6 7 8 9 10 11 12 13 36 37 59 60 61 62 14 15 16 17 18 19 20 21 28 29 30 31 32 33 34 38 39 40 41 42 43 46 47 48 49 50 51 52 53 63 64 65 66 67 68 69 70 71 72 73 74 
======WorkstationCount: 84

-------- Model 705 Ant 500 Loop 40 ---------
1 2 3 4 5 6 7 8 9 10 11 12 13 14 15 16 17 18 19 20 21 22 23 24 25 26 27 28 29 30 31 32 33 34 35 36 37 38 39 40 41 42 43 44 45 46 47 48 49 50 51 52 53 54 55 56 57 58 59 60 61 62 63 64 65 66 67 68 69 70 71 72 73 74 
======WorkstationCount: 87

-------- Model 705 Ant 500 Loop 100 ---------
1 2 3 4 5 6 7 8 9 10 11 12 13 14 15 16 17 18 19 20 21 22 23 24 25 26 27 28 29 30 31 32 33 34 35 36 37 38 39 40 41 42 43 44 45 46 47 48 49 50 51 52 53 54 55 56 57 58 59 60 61 62 63 64 65 66 67 68 69 70 71 72 73 74 
======WorkstationCount: 87

-------- Model 705 Ant 500 Loop 200 ---------
1 2 3 4 5 6 7 8 9 10 11 12 13 14 15 16 17 18 19 20 21 22 23 24 25 26 27 28 29 30 31 32 33 34 35 36 37 38 39 40 41 42 43 44 45 46 47 48 49 50 51 52 53 54 55 56 57 58 59 60 61 62 63 64 65 66 67 68 69 70 71 72 73 74 
======WorkstationCount: 87

-------- Model 705 Ant 1000 Loop 10 ---------
35 14 1 44 45 46 47 48 2 3 4 5 6 7 8 9 10 11 12 13 22 23 24 25 26 27 54 58 55 56 57 59 60 61 62 63 64 65 66 67 68 69 15 16 17 18 19 20 21 28 29 30 31 32 33 34 36 37 38 39 40 41 42 43 49 50 51 52 53 70 71 72 73 74 
======WorkstationCount: 83

-------- Model 705 Ant 1000 Loop 20 ---------
1 2 3 4 5 6 7 8 9 10 11 12 13 14 15 16 17 18 19 20 21 22 23 24 25 26 27 28 29 30 31 32 33 34 35 36 37 38 39 40 41 42 43 44 45 46 47 48 49 50 51 52 53 54 55 56 57 58 59 60 61 62 63 64 65 66 67 68 69 70 71 72 73 74 
======WorkstationCount: 87

-------- Model 705 Ant 1000 Loop 40 ---------
1 2 3 4 5 6 7 8 9 10 11 12 13 14 15 16 17 18 19 20 21 22 23 24 25 26 27 28 29 30 31 32 33 34 35 36 37 38 39 40 41 42 43 44 45 46 47 48 49 50 51 52 53 54 55 56 57 58 59 60 61 62 63 64 65 66 67 68 69 70 71 72 73 74 
======WorkstationCount: 87

-------- Model 705 Ant 1000 Loop 100 ---------
1 2 3 4 5 6 7 8 9 10 11 12 13 14 15 16 17 18 19 20 21 22 23 24 25 26 27 28 29 30 31 32 33 34 35 36 37 38 39 40 41 42 43 44 45 46 47 48 49 50 51 52 53 54 55 56 57 58 59 60 61 62 63 64 65 66 67 68 69 70 71 72 73 74 
======WorkstationCount: 87

-------- Model 705 Ant 1000 Loop 200 ---------
1 2 3 4 5 6 7 8 9 10 11 12 13 14 15 16 17 18 19 20 21 22 23 24 25 26 27 28 29 30 31 32 33 34 35 36 37 38 39 40 41 42 43 44 45 46 47 48 49 50 51 52 53 54 55 56 57 58 59 60 61 62 63 64 65 66 67 68 69 70 71 72 73 74 
======WorkstationCount: 87

