-------- Model 302 Ant 100 Loop 10 ---------
9 29 1 2 3 4 5 6 7 8 10 11 12 13 14 15 16 17 18 19 20 21 22 23 24 25 26 27 28 30 31 
======WorkstationCount: 35

-------- Model 302 Ant 100 Loop 20 ---------
1 2 3 4 5 6 7 8 9 29 10 11 12 13 14 15 16 17 18 19 20 21 22 23 24 25 26 27 28 30 31 
======WorkstationCount: 35

-------- Model 302 Ant 100 Loop 40 ---------
29 9 1 2 3 4 5 6 7 8 10 11 12 13 14 15 16 17 18 19 20 21 22 23 24 25 26 27 28 30 31 
======WorkstationCount: 35

-------- Model 302 Ant 100 Loop 100 ---------
1 2 3 4 5 6 7 8 9 29 10 11 12 13 14 15 16 17 18 19 20 21 22 23 24 25 26 27 28 30 31 
======WorkstationCount: 35

-------- Model 302 Ant 100 Loop 200 ---------
1 2 3 4 5 6 7 8 9 29 10 11 12 13 14 15 16 17 18 19 20 21 22 23 24 25 26 27 28 30 31 
======WorkstationCount: 35

-------- Model 302 Ant 200 Loop 10 ---------
1 2 3 29 9 4 5 6 7 8 10 11 12 13 14 15 16 17 18 19 20 21 22 23 24 25 26 27 28 30 31 
======WorkstationCount: 35

-------- Model 302 Ant 200 Loop 20 ---------
29 1 2 3 4 5 6 7 8 9 10 11 12 13 14 15 16 17 18 19 20 21 22 23 24 25 26 27 28 30 31 
======WorkstationCount: 35

-------- Model 302 Ant 200 Loop 40 ---------
9 1 2 3 4 5 6 7 8 10 11 12 13 14 15 16 17 18 19 20 21 22 23 24 25 26 27 28 29 30 31 
======WorkstationCount: 35

-------- Model 302 Ant 200 Loop 100 ---------
1 2 3 4 5 6 7 8 9 29 10 11 12 13 14 15 16 17 18 19 20 21 22 23 24 25 26 27 28 30 31 
======WorkstationCount: 35

-------- Model 302 Ant 200 Loop 200 ---------
1 2 3 4 5 6 7 8 9 10 11 12 13 14 15 16 17 18 19 20 21 22 23 24 25 26 27 28 29 30 31 
======WorkstationCount: 35

-------- Model 302 Ant 500 Loop 10 ---------
1 2 3 4 5 6 7 8 9 29 10 11 12 13 14 15 16 17 18 19 20 21 22 23 24 25 26 27 28 30 31 
======WorkstationCount: 35

-------- Model 302 Ant 500 Loop 20 ---------
1 2 3 4 5 6 7 8 9 29 10 11 12 13 14 15 16 17 18 19 20 21 22 23 24 25 26 27 28 30 31 
======WorkstationCount: 35

-------- Model 302 Ant 500 Loop 40 ---------
29 1 2 3 4 5 6 7 8 9 10 11 12 13 14 15 16 17 18 19 20 21 22 23 24 25 26 27 28 30 31 
======WorkstationCount: 35

-------- Model 302 Ant 500 Loop 100 ---------
1 2 3 4 5 6 7 8 9 10 11 12 13 14 15 16 17 18 19 20 21 22 23 24 25 26 27 28 29 30 31 
======WorkstationCount: 35

-------- Model 302 Ant 500 Loop 200 ---------
1 2 3 4 5 6 7 8 9 10 11 12 13 14 15 16 17 18 19 20 21 22 23 24 25 26 27 28 29 30 31 
======WorkstationCount: 35

-------- Model 302 Ant 1000 Loop 10 ---------
9 29 1 2 3 4 5 6 7 8 10 11 12 13 14 15 16 17 18 19 20 21 22 23 24 25 26 27 28 30 31 
======WorkstationCount: 35

-------- Model 302 Ant 1000 Loop 20 ---------
1 2 3 4 5 6 7 8 9 10 11 12 13 14 15 16 17 18 19 20 21 22 23 24 25 26 27 28 29 30 31 
======WorkstationCount: 35

-------- Model 302 Ant 1000 Loop 40 ---------
1 2 3 4 5 6 7 8 9 10 11 12 13 14 15 16 17 18 19 20 21 22 23 24 25 26 27 28 29 30 31 
======WorkstationCount: 35

-------- Model 302 Ant 1000 Loop 100 ---------
1 2 3 4 5 6 7 8 9 10 11 12 13 14 15 16 17 18 19 20 21 22 23 24 25 26 27 28 29 30 31 
======WorkstationCount: 35

-------- Model 302 Ant 1000 Loop 200 ---------
1 2 3 4 5 6 7 8 9 10 11 12 13 14 15 16 17 18 19 20 21 22 23 24 25 26 27 28 29 30 31 
======WorkstationCount: 35

