-------- Model 1005 Ant 100 Loop 10 ---------
45 46 47 48 29 1 49 50 68 7 8 9 10 11 16 63 64 56 89 90 69 70 71 72 51 85 20 21 22 23 24 52 53 54 57 58 59 60 61 62 86 87 88 91 92 93 94 30 31 32 65 66 67 73 74 75 76 77 55 78 79 80 17 2 3 4 5 6 12 13 14 15 18 19 25 26 27 28 33 34 35 36 37 38 39 40 41 42 43 44 81 82 83 84 95 96 97 98 
======WorkstationCount: 108

-------- Model 1005 Ant 100 Loop 20 ---------
56 45 49 50 68 29 16 20 21 63 64 65 66 67 69 70 71 72 51 7 8 9 10 11 89 90 85 86 87 88 91 92 93 94 30 31 32 46 47 48 52 53 54 55 57 58 59 60 61 62 73 74 75 76 77 78 79 80 22 23 24 1 2 3 4 5 6 12 13 14 15 17 18 19 25 26 27 28 33 34 35 36 37 38 39 40 41 42 43 44 81 82 83 84 95 96 97 98 
======WorkstationCount: 106

-------- Model 1005 Ant 100 Loop 30 ---------
1 45 46 47 48 29 85 16 17 18 19 63 64 65 66 67 20 21 49 50 56 57 58 7 8 9 10 11 68 69 70 71 72 2 3 4 5 6 12 13 14 15 30 31 32 89 90 86 87 88 91 92 93 94 22 23 24 25 26 27 28 33 34 35 36 37 38 39 40 41 42 43 44 51 52 53 54 55 59 60 61 62 73 74 75 76 77 78 79 80 81 82 83 84 95 96 97 98 
======WorkstationCount: 108

-------- Model 1005 Ant 200 Loop 10 ---------
1 63 64 45 46 47 2 3 4 5 6 20 21 49 16 17 29 68 69 7 8 9 10 11 12 13 14 15 18 19 56 57 58 59 60 61 62 70 71 72 30 85 89 90 86 87 88 91 92 93 94 50 51 65 66 67 73 74 75 76 77 48 52 53 54 55 78 79 80 22 23 24 25 26 27 28 31 32 33 34 35 36 37 38 39 40 41 42 43 44 81 82 83 84 95 96 97 98 
======WorkstationCount: 108

-------- Model 1005 Ant 200 Loop 20 ---------
20 21 22 23 24 85 86 87 88 63 64 65 66 67 56 7 68 49 50 51 16 17 18 19 45 46 47 48 89 90 1 2 3 4 5 6 52 53 54 55 57 58 59 60 61 62 69 70 71 72 73 74 75 76 77 78 79 80 29 30 31 32 8 9 10 11 12 13 14 15 25 26 27 28 33 34 35 36 37 38 39 40 41 42 43 44 81 82 83 84 91 92 93 94 95 96 97 98 
======WorkstationCount: 107

-------- Model 1005 Ant 200 Loop 30 ---------
68 49 50 20 21 22 23 24 1 2 3 4 5 6 7 8 9 10 11 63 64 65 66 67 29 30 31 32 56 85 45 46 47 48 16 17 18 19 89 90 69 70 71 72 51 52 53 54 55 12 13 14 15 25 26 27 28 33 34 35 36 37 38 39 40 41 42 43 44 57 58 59 60 61 62 73 74 75 76 77 78 79 80 81 82 83 84 86 87 88 91 92 93 94 95 96 97 98 
======WorkstationCount: 107

-------- Model 1005 Ant 300 Loop 10 ---------
20 63 7 89 90 16 29 30 31 32 64 1 56 68 69 70 49 50 8 9 10 45 46 47 48 21 22 23 17 18 19 57 58 59 60 61 62 2 3 4 5 6 85 86 87 88 91 92 93 94 65 66 67 24 25 26 27 28 71 72 51 52 53 54 55 73 74 75 76 77 78 79 80 11 12 13 14 15 33 34 35 36 37 38 39 40 41 42 43 44 81 82 83 84 95 96 97 98 
======WorkstationCount: 107

-------- Model 1005 Ant 300 Loop 20 ---------
1 2 29 89 90 20 21 49 50 68 69 70 71 72 56 57 58 59 60 61 62 30 31 32 51 45 46 47 48 63 64 65 66 67 7 8 9 10 11 16 17 18 19 85 86 87 88 91 92 93 94 52 53 54 55 73 74 75 76 77 78 79 80 22 23 24 25 26 27 28 3 4 5 6 12 13 14 15 33 34 35 36 37 38 39 40 41 42 43 44 81 82 83 84 95 96 97 98 
======WorkstationCount: 107

-------- Model 1005 Ant 300 Loop 30 ---------
85 56 57 58 59 89 90 45 46 47 48 49 63 64 65 66 67 20 21 22 23 24 16 17 18 19 7 8 9 10 11 1 2 3 4 5 6 86 87 88 91 92 93 94 29 30 31 32 50 51 52 53 54 55 60 61 62 68 69 70 71 72 73 74 75 76 77 78 79 80 12 13 14 15 25 26 27 28 33 34 35 36 37 38 39 40 41 42 43 44 81 82 83 84 95 96 97 98 
======WorkstationCount: 106

-------- Model 1005 Ant 500 Loop 10 ---------
20 56 21 22 23 24 68 29 1 2 3 4 5 6 30 31 16 17 18 19 69 85 63 49 50 64 65 66 67 86 51 70 71 72 7 45 46 47 48 52 53 54 55 57 58 59 60 61 62 8 9 10 11 89 90 87 88 91 92 93 94 12 13 14 15 32 25 26 27 28 33 34 35 36 37 38 39 40 41 42 43 44 73 74 75 76 77 78 79 80 81 82 83 84 95 96 97 98 
======WorkstationCount: 106

-------- Model 1005 Ant 500 Loop 20 ---------
63 49 1 29 85 56 68 69 70 71 72 57 58 59 60 61 62 7 8 9 10 11 16 20 21 17 18 19 22 23 24 45 46 47 48 64 65 66 67 30 31 32 2 3 4 5 6 50 51 52 53 54 55 73 74 75 76 77 78 79 80 12 13 14 15 25 26 27 28 33 34 35 36 37 38 39 40 41 42 43 44 81 82 83 84 86 87 88 89 90 91 92 93 94 95 96 97 98 
======WorkstationCount: 107

-------- Model 1005 Ant 500 Loop 30 ---------
56 29 1 89 90 85 16 17 18 19 49 63 64 65 66 67 30 31 32 50 51 20 21 22 23 24 7 68 69 70 71 72 25 26 27 28 2 3 4 5 6 86 87 88 91 92 93 94 45 46 47 48 52 53 54 55 57 58 59 60 61 62 73 74 75 76 77 78 79 80 8 9 10 11 12 13 14 15 33 34 35 36 37 38 39 40 41 42 43 44 81 82 83 84 95 96 97 98 
======WorkstationCount: 106

-------- Model 1005 Ant 700 Loop 10 ---------
45 46 47 48 85 7 8 20 21 22 23 24 9 10 11 29 1 56 63 49 50 57 58 59 60 61 62 16 86 87 88 68 69 70 71 72 89 90 30 31 32 17 18 19 2 3 4 5 6 12 13 14 15 25 26 27 28 91 92 93 94 51 52 53 54 55 64 65 66 67 73 74 75 76 77 78 79 80 33 34 35 36 37 38 39 40 41 42 43 44 81 82 83 84 95 96 97 98 
======WorkstationCount: 107

-------- Model 1005 Ant 700 Loop 20 ---------
68 7 8 9 10 11 85 49 63 56 57 58 59 60 61 62 64 65 66 67 69 70 71 72 50 20 1 2 3 4 5 6 29 30 45 46 47 48 89 90 16 17 18 19 21 22 23 24 86 87 88 91 92 93 94 31 32 51 52 53 54 55 73 74 75 76 77 78 79 80 12 13 14 15 25 26 27 28 33 34 35 36 37 38 39 40 41 42 43 44 81 82 83 84 95 96 97 98 
======WorkstationCount: 106

-------- Model 1005 Ant 1000 Loop 10 ---------
16 85 63 45 46 47 48 49 50 20 68 69 70 71 72 89 1 2 3 4 5 6 51 56 57 58 59 60 61 62 86 87 88 52 53 54 55 21 64 65 66 67 90 91 92 93 94 22 23 24 29 7 8 9 10 11 17 18 19 30 31 32 73 74 75 76 77 78 79 80 12 13 14 15 25 26 27 28 33 34 35 36 37 38 39 40 41 42 43 44 81 82 83 84 95 96 97 98 
======WorkstationCount: 106

-------- Model 1005 Ant 1000 Loop 20 ---------
1 20 85 63 7 89 90 45 46 47 48 16 17 18 19 21 49 56 57 58 59 60 61 62 68 69 70 86 87 88 91 92 93 94 50 51 52 53 54 55 2 3 4 5 6 29 30 31 32 64 65 66 67 8 9 10 11 12 13 14 15 71 72 73 74 75 76 77 78 79 80 22 23 24 25 26 27 28 33 34 35 36 37 38 39 40 41 42 43 44 81 82 83 84 95 96 97 98 
======WorkstationCount: 107

-------- Model 1005 Ant 2000 Loop 10 ---------
85 86 87 88 7 8 9 10 11 1 16 29 20 49 50 68 56 57 58 59 60 61 62 63 2 3 4 5 6 12 13 14 15 51 21 64 65 66 67 30 31 32 89 90 45 46 47 48 52 53 54 55 91 92 93 94 17 18 19 69 70 71 72 73 74 75 76 77 78 79 80 22 23 24 25 26 27 28 33 34 35 36 37 38 39 40 41 42 43 44 81 82 83 84 95 96 97 98 
======WorkstationCount: 105

-------- Model 1005 Ant 2000 Loop 20 ---------
56 20 7 8 9 10 11 85 68 29 63 49 50 51 16 45 46 47 48 64 65 66 67 1 89 90 57 58 30 31 32 21 69 70 86 87 88 91 92 93 94 17 18 19 2 3 4 5 6 12 13 14 15 52 53 54 55 59 60 61 62 71 72 73 74 75 76 77 78 79 80 22 23 24 25 26 27 28 33 34 35 36 37 38 39 40 41 42 43 44 81 82 83 84 95 96 97 98 
======WorkstationCount: 104

-------- Model 1005 Ant 5000 Loop 10 ---------
1 2 3 4 5 6 7 8 9 10 11 12 13 14 15 16 17 18 19 20 21 22 23 24 25 26 27 28 29 30 31 32 33 34 35 36 37 38 39 40 41 42 43 44 45 46 47 48 49 50 51 52 53 54 55 56 57 58 59 60 61 62 63 64 65 66 67 68 69 70 71 72 73 74 75 76 77 78 79 80 81 82 83 84 85 86 87 88 89 90 91 92 93 94 95 96 97 98 
======WorkstationCount: 111

-------- Model 1005 Ant 5000 Loop 20 ---------
1 2 3 4 5 6 7 8 9 10 11 12 13 14 15 16 17 18 19 20 21 22 23 24 25 26 27 28 29 30 31 32 33 34 35 36 37 38 39 40 41 42 43 44 45 46 47 48 49 50 51 52 53 54 55 56 57 58 59 60 61 62 63 64 65 66 67 68 69 70 71 72 73 74 75 76 77 78 79 80 81 82 83 84 85 86 87 88 89 90 91 92 93 94 95 96 97 98 
======WorkstationCount: 111

-------- Model 1005 Ant 10000 Loop 10 ---------
1 2 3 4 5 6 7 8 9 10 11 12 13 14 15 16 17 18 19 20 21 22 23 24 25 26 27 28 29 30 31 32 33 34 35 36 37 38 39 40 41 42 43 44 45 46 47 48 49 50 51 52 53 54 55 56 57 58 59 60 61 62 63 64 65 66 67 68 69 70 71 72 73 74 75 76 77 78 79 80 81 82 83 84 85 86 87 88 89 90 91 92 93 94 95 96 97 98 
======WorkstationCount: 111

-------- Model 1005 Ant 10000 Loop 20 ---------
1 2 3 4 5 6 7 8 9 10 11 12 13 14 15 16 17 18 19 20 21 22 23 24 25 26 27 28 29 30 31 32 33 34 35 36 37 38 39 40 41 42 43 44 45 46 47 48 49 50 51 52 53 54 55 56 57 58 59 60 61 62 63 64 65 66 67 68 69 70 71 72 73 74 75 76 77 78 79 80 81 82 83 84 85 86 87 88 89 90 91 92 93 94 95 96 97 98 
======WorkstationCount: 111

