-------- Model 2 Ant 100 Loop 10 ---------
36 30 22 24 29 12 17 18 16 1 2 3 4 5 6 7 8 9 10 11 13 15 19 20 21 23 25 26 27 14 28 31 32 33 34 35 37 40 38 39 41 42 43 44 45 46 47 48 
======WorkstationCount: 77

-------- Model 2 Ant 100 Loop 20 ---------
1 18 17 16 22 24 2 3 4 5 6 7 8 9 10 11 12 19 20 21 23 25 26 27 13 15 14 28 30 36 29 31 32 33 34 35 37 40 38 39 41 42 43 44 45 46 47 48 
======WorkstationCount: 77

-------- Model 2 Ant 100 Loop 40 ---------
30 1 2 3 4 5 6 7 8 9 10 11 12 18 17 19 20 21 23 22 16 29 36 24 25 26 27 13 15 14 28 31 32 33 34 35 37 40 38 39 41 42 43 44 45 46 47 48 
======WorkstationCount: 77

-------- Model 2 Ant 100 Loop 100 ---------
17 36 1 2 3 4 5 6 7 8 9 10 11 12 30 16 22 24 29 18 19 20 21 23 25 26 27 13 15 14 28 31 32 33 34 35 37 40 38 39 41 42 43 44 45 46 47 48 
======WorkstationCount: 77

-------- Model 2 Ant 100 Loop 200 ---------
36 1 2 3 4 5 6 7 8 9 10 11 12 18 16 22 24 17 19 20 21 23 25 26 27 13 15 14 28 29 30 31 32 33 34 35 37 40 38 39 41 42 43 44 45 46 47 48 
======WorkstationCount: 76

-------- Model 2 Ant 200 Loop 10 ---------
16 1 2 3 4 5 6 7 8 9 10 11 12 17 36 29 22 30 24 18 19 20 21 23 25 26 27 13 15 14 28 31 32 33 34 35 37 40 38 39 41 42 43 44 45 46 47 48 
======WorkstationCount: 77

-------- Model 2 Ant 200 Loop 20 ---------
17 22 18 16 1 2 3 4 5 6 7 8 9 10 11 12 24 19 20 21 23 25 26 27 13 15 14 28 29 36 30 31 32 33 34 35 37 40 38 39 41 42 43 44 45 46 47 48 
======WorkstationCount: 76

-------- Model 2 Ant 200 Loop 40 ---------
18 16 22 24 36 30 1 29 2 3 4 5 6 7 8 9 10 11 12 17 19 20 21 23 25 26 27 13 15 14 28 31 32 33 34 35 37 40 38 39 41 42 43 44 45 46 47 48 
======WorkstationCount: 77

-------- Model 2 Ant 200 Loop 100 ---------
22 30 16 1 2 3 4 5 6 7 8 9 10 11 12 17 24 18 19 20 21 23 25 26 27 13 15 14 28 29 36 31 32 33 34 35 37 40 38 39 41 42 43 44 45 46 47 48 
======WorkstationCount: 76

-------- Model 2 Ant 200 Loop 200 ---------
36 22 24 1 2 3 4 5 6 7 8 9 10 11 12 29 18 16 17 19 20 21 23 25 26 27 13 15 14 28 30 31 32 33 34 35 37 40 38 39 41 42 43 44 45 46 47 48 
======WorkstationCount: 76

-------- Model 2 Ant 500 Loop 10 ---------
12 17 22 24 1 2 3 4 5 6 7 8 9 10 11 13 15 14 36 18 19 20 21 23 25 26 27 30 16 29 28 31 32 33 34 35 37 40 38 39 41 42 43 44 45 46 47 48 
======WorkstationCount: 76

-------- Model 2 Ant 500 Loop 20 ---------
17 1 2 3 4 5 6 7 8 9 10 11 12 18 16 22 24 19 20 21 23 25 26 27 13 15 14 28 29 30 31 32 33 34 35 37 40 38 39 36 41 42 43 44 45 46 47 48 
======WorkstationCount: 76

-------- Model 2 Ant 500 Loop 40 ---------
16 29 36 12 18 1 2 3 4 5 6 7 8 9 10 11 17 22 24 19 20 21 23 25 26 27 13 15 14 28 30 31 32 33 34 35 37 40 38 39 41 42 43 44 45 46 47 48 
======WorkstationCount: 76

-------- Model 2 Ant 500 Loop 100 ---------
1 2 3 4 5 6 7 8 9 10 11 17 22 16 29 12 36 18 19 20 21 23 24 25 26 27 13 15 14 28 30 31 32 33 34 35 37 40 38 39 41 42 43 44 45 46 47 48 
======WorkstationCount: 76

-------- Model 2 Ant 500 Loop 200 ---------
1 2 3 4 5 6 7 8 9 10 11 12 13 15 14 16 17 18 19 20 21 22 23 24 25 26 27 28 29 30 31 32 33 34 35 36 37 40 38 39 41 42 43 44 45 46 47 48 
======WorkstationCount: 77

-------- Model 2 Ant 1000 Loop 10 ---------
18 12 1 2 3 4 5 6 7 8 9 10 11 13 15 14 36 16 22 24 17 19 20 21 23 25 26 27 28 29 30 31 32 33 34 35 37 40 38 39 41 42 43 44 45 46 47 48 
======WorkstationCount: 76

-------- Model 2 Ant 1000 Loop 20 ---------
17 36 29 18 1 2 3 4 5 6 7 8 9 10 11 12 16 22 24 19 20 21 23 25 26 27 13 15 14 28 30 31 32 33 34 35 37 40 38 39 41 42 43 44 45 46 47 48 
======WorkstationCount: 76

-------- Model 2 Ant 1000 Loop 40 ---------
30 1 2 3 4 5 6 7 8 9 10 11 12 18 17 22 24 19 20 21 23 25 26 27 13 15 14 36 16 29 28 31 32 33 34 35 37 40 38 39 41 42 43 44 45 46 47 48 
======WorkstationCount: 76

-------- Model 2 Ant 1000 Loop 100 ---------
1 2 3 4 5 6 7 8 9 10 11 12 13 15 14 16 17 18 19 20 21 22 23 24 25 26 27 28 29 30 31 32 33 34 35 36 37 40 38 39 41 42 43 44 45 46 47 48 
======WorkstationCount: 77

-------- Model 2 Ant 1000 Loop 200 ---------
1 2 3 4 5 6 7 8 9 10 11 12 13 15 14 16 17 18 19 20 21 22 23 24 25 26 27 28 29 30 31 32 33 34 35 36 37 40 38 39 41 42 43 44 45 46 47 48 
======WorkstationCount: 77

-------- Model 2 Ant 10000 Loop 10 ---------
1 2 3 4 5 6 7 8 9 10 11 12 13 15 14 16 17 18 19 20 21 22 23 24 25 26 27 28 29 30 31 32 33 34 35 36 37 40 38 39 41 42 43 44 45 46 47 48 
======WorkstationCount: 77

-------- Model 2 Ant 10000 Loop 100 ---------
1 2 3 4 5 6 7 8 9 10 11 12 13 15 14 16 17 18 19 20 21 22 23 24 25 26 27 28 29 30 31 32 33 34 35 36 37 40 38 39 41 42 43 44 45 46 47 48 
======WorkstationCount: 77

