-------- Model 203 Ant 100 Loop 5 ---------
2 1 7 8 25 4 6 9 3 5 10 11 12 13 14 15 16 17 18 19 20 21 22 23 24 26 27 28 29 30 31 32 33 34 35 36 37 
======WorkstationCount: 43

-------- Model 203 Ant 100 Loop 10 ---------
2 1 7 8 25 4 6 9 3 5 10 11 12 13 14 15 16 17 18 19 20 21 22 23 24 26 27 28 29 30 31 32 33 34 35 36 37 
======WorkstationCount: 43

-------- Model 203 Ant 100 Loop 20 ---------
2 1 7 25 8 6 4 9 3 5 10 11 12 13 14 15 16 17 18 19 20 21 22 23 24 26 27 28 29 30 31 32 33 34 35 36 37 
======WorkstationCount: 43

-------- Model 203 Ant 200 Loop 5 ---------
2 1 7 25 6 4 8 9 3 5 10 11 12 13 14 15 16 17 18 19 20 21 22 23 24 26 27 28 29 30 31 32 33 34 35 36 37 
======WorkstationCount: 43

-------- Model 203 Ant 200 Loop 10 ---------
7 6 9 2 25 4 1 3 5 10 11 12 13 14 15 16 17 18 19 20 21 22 23 24 26 27 28 29 30 31 32 33 34 8 35 36 37 
======WorkstationCount: 43

-------- Model 203 Ant 200 Loop 20 ---------
25 2 7 6 4 1 3 5 10 11 12 13 9 8 14 15 16 17 18 19 20 21 22 23 24 26 27 28 29 30 31 32 33 34 35 36 37 
======WorkstationCount: 43

-------- Model 203 Ant 300 Loop 5 ---------
2 7 6 9 25 4 1 3 5 10 11 12 13 14 15 16 17 18 19 20 21 22 23 24 26 27 28 29 30 31 32 33 34 8 35 36 37 
======WorkstationCount: 43

-------- Model 203 Ant 300 Loop 10 ---------
7 6 9 25 2 4 1 3 5 10 11 12 13 14 15 16 17 18 19 20 21 22 23 24 26 27 28 29 30 31 32 33 34 8 35 36 37 
======WorkstationCount: 43

-------- Model 203 Ant 300 Loop 20 ---------
2 25 6 7 8 4 1 3 5 10 11 12 13 9 14 15 16 17 18 19 20 21 22 23 24 26 27 28 29 30 31 32 33 34 35 36 37 
======WorkstationCount: 43

-------- Model 203 Ant 400 Loop 5 ---------
2 1 3 5 7 8 4 6 9 10 11 12 13 14 15 16 17 18 19 20 21 22 23 24 25 26 27 28 29 30 31 32 33 34 35 36 37 
======WorkstationCount: 43

-------- Model 203 Ant 400 Loop 10 ---------
4 6 25 9 2 1 7 8 3 5 10 11 12 13 14 15 16 17 18 19 20 21 22 23 24 26 27 28 29 30 31 32 33 34 35 36 37 
======WorkstationCount: 43

-------- Model 203 Ant 400 Loop 20 ---------
2 25 6 7 8 4 1 3 5 10 11 12 13 9 14 15 16 17 18 19 20 21 22 23 24 26 27 28 29 30 31 32 33 34 35 36 37 
======WorkstationCount: 43

-------- Model 203 Ant 500 Loop 5 ---------
7 6 2 1 3 9 8 25 4 5 10 11 12 13 14 15 16 17 18 19 20 21 22 23 24 26 27 28 29 30 31 32 33 34 35 36 37 
======WorkstationCount: 43

-------- Model 203 Ant 500 Loop 10 ---------
7 6 9 8 2 25 4 1 3 5 10 11 12 13 14 15 16 17 18 19 20 21 22 23 24 26 27 28 29 30 31 32 33 34 35 36 37 
======WorkstationCount: 43

-------- Model 203 Ant 500 Loop 20 ---------
2 1 6 4 7 25 9 3 5 10 11 12 13 14 15 16 17 18 19 20 21 22 23 24 26 27 28 29 30 31 32 33 34 8 35 36 37 
======WorkstationCount: 43

-------- Model 203 Ant 600 Loop 5 ---------
2 1 4 6 7 8 9 3 5 10 11 12 13 14 15 16 17 18 19 20 21 22 23 24 25 26 27 28 29 30 31 32 33 34 35 36 37 
======WorkstationCount: 43

-------- Model 203 Ant 600 Loop 10 ---------
2 1 7 4 6 25 8 9 3 5 10 11 12 13 14 15 16 17 18 19 20 21 22 23 24 26 27 28 29 30 31 32 33 34 35 36 37 
======WorkstationCount: 43

-------- Model 203 Ant 600 Loop 20 ---------
7 4 25 2 1 6 9 8 3 5 10 11 12 13 14 15 16 17 18 19 20 21 22 23 24 26 27 28 29 30 31 32 33 34 35 36 37 
======WorkstationCount: 43

-------- Model 203 Ant 700 Loop 5 ---------
4 25 2 6 7 1 3 5 10 11 12 13 9 8 14 15 16 17 18 19 20 21 22 23 24 26 27 28 29 30 31 32 33 34 35 36 37 
======WorkstationCount: 43

-------- Model 203 Ant 700 Loop 10 ---------
25 4 6 2 1 7 8 9 3 5 10 11 12 13 14 15 16 17 18 19 20 21 22 23 24 26 27 28 29 30 31 32 33 34 35 36 37 
======WorkstationCount: 43

-------- Model 203 Ant 700 Loop 20 ---------
25 7 6 9 2 8 4 1 3 5 10 11 12 13 14 15 16 17 18 19 20 21 22 23 24 26 27 28 29 30 31 32 33 34 35 36 37 
======WorkstationCount: 43

-------- Model 203 Ant 1000 Loop 5 ---------
2 4 1 3 5 10 11 12 13 6 7 8 25 9 14 15 16 17 18 19 20 21 22 23 24 26 27 28 29 30 31 32 33 34 35 36 37 
======WorkstationCount: 43

-------- Model 203 Ant 1000 Loop 10 ---------
7 6 2 4 1 3 5 10 11 12 13 9 8 14 15 16 17 18 19 20 21 22 23 24 25 26 27 28 29 30 31 32 33 34 35 36 37 
======WorkstationCount: 43

-------- Model 203 Ant 1000 Loop 20 ---------
25 2 1 7 6 9 8 4 3 5 10 11 12 13 14 15 16 17 18 19 20 21 22 23 24 26 27 28 29 30 31 32 33 34 35 36 37 
======WorkstationCount: 43

-------- Model 203 Ant 2000 Loop 5 ---------
7 6 2 25 4 1 3 5 10 8 9 11 12 13 14 15 16 17 18 19 20 21 22 23 24 26 27 28 29 30 31 32 33 34 35 36 37 
======WorkstationCount: 43

-------- Model 203 Ant 2000 Loop 10 ---------
4 7 8 25 2 1 6 9 3 5 10 11 12 13 14 15 16 17 18 19 20 21 22 23 24 26 27 28 29 30 31 32 33 34 35 36 37 
======WorkstationCount: 43

-------- Model 203 Ant 2000 Loop 20 ---------
2 1 3 4 5 6 7 8 9 10 11 12 13 14 15 16 17 18 19 20 21 22 23 24 25 26 27 28 29 30 31 32 33 34 35 36 37 
======WorkstationCount: 43

-------- Model 203 Ant 100 Loop 10 ---------
2 1 7 8 6 4 25 3 5 10 11 12 13 9 14 15 16 17 18 19 20 21 22 23 24 26 27 28 29 30 31 32 33 34 35 36 37 
======WorkstationCount: 43

-------- Model 203 Ant 100 Loop 20 ---------
25 2 7 6 9 4 1 3 5 10 11 12 13 14 15 16 17 18 19 20 21 22 23 24 26 27 28 29 30 31 32 33 34 8 35 36 37 
======WorkstationCount: 43

-------- Model 203 Ant 100 Loop 40 ---------
25 7 8 2 1 3 5 10 11 12 4 6 9 13 14 15 16 17 18 19 20 21 22 23 24 26 27 28 29 30 31 32 33 34 35 36 37 
======WorkstationCount: 44

-------- Model 203 Ant 100 Loop 100 ---------
4 7 8 25 2 1 3 5 10 11 12 13 6 9 14 15 16 17 18 19 20 21 22 23 24 26 27 28 29 30 31 32 33 34 35 36 37 
======WorkstationCount: 44

-------- Model 203 Ant 100 Loop 200 ---------
2 1 6 7 8 9 25 4 3 5 10 11 12 13 14 15 16 17 18 19 20 21 22 23 24 26 27 28 29 30 31 32 33 34 35 36 37 
======WorkstationCount: 43

-------- Model 203 Ant 200 Loop 10 ---------
25 2 1 4 7 6 9 3 5 10 11 12 13 14 15 16 17 18 19 8 20 21 22 23 24 26 27 28 29 30 31 32 33 34 35 36 37 
======WorkstationCount: 43

-------- Model 203 Ant 200 Loop 20 ---------
6 4 2 1 7 8 25 9 3 5 10 11 12 13 14 15 16 17 18 19 20 21 22 23 24 26 27 28 29 30 31 32 33 34 35 36 37 
======WorkstationCount: 43

-------- Model 203 Ant 200 Loop 40 ---------
25 2 6 7 8 9 4 1 3 5 10 11 12 13 14 15 16 17 18 19 20 21 22 23 24 26 27 28 29 30 31 32 33 34 35 36 37 
======WorkstationCount: 43

-------- Model 203 Ant 200 Loop 100 ---------
25 2 1 7 4 6 9 3 5 10 11 12 13 14 15 16 17 18 19 20 21 22 23 24 26 27 28 29 30 31 32 33 34 8 35 36 37 
======WorkstationCount: 43

-------- Model 203 Ant 200 Loop 200 ---------
2 1 3 4 5 6 7 8 9 10 11 12 13 14 15 16 17 18 19 20 21 22 23 24 25 26 27 28 29 30 31 32 33 34 35 36 37 
======WorkstationCount: 43

-------- Model 203 Ant 500 Loop 10 ---------
7 6 25 2 1 4 3 5 10 11 12 13 9 14 15 16 17 18 19 20 21 22 23 24 26 27 28 29 30 31 32 33 34 8 35 36 37 
======WorkstationCount: 43

-------- Model 203 Ant 500 Loop 20 ---------
4 6 2 1 7 8 9 25 3 5 10 11 12 13 14 15 16 17 18 19 20 21 22 23 24 26 27 28 29 30 31 32 33 34 35 36 37 
======WorkstationCount: 43

-------- Model 203 Ant 500 Loop 40 ---------
2 1 7 6 9 4 25 3 5 10 11 12 13 14 15 16 17 18 19 20 21 22 23 24 26 27 28 29 30 31 32 33 34 8 35 36 37 
======WorkstationCount: 43

-------- Model 203 Ant 500 Loop 100 ---------
2 1 3 4 5 6 7 8 9 10 11 12 13 14 15 16 17 18 19 20 21 22 23 24 25 26 27 28 29 30 31 32 33 34 35 36 37 
======WorkstationCount: 43

-------- Model 203 Ant 500 Loop 200 ---------
2 1 3 4 5 6 7 8 9 10 11 12 13 14 15 16 17 18 19 20 21 22 23 24 25 26 27 28 29 30 31 32 33 34 35 36 37 
======WorkstationCount: 43

-------- Model 203 Ant 1000 Loop 10 ---------
2 1 6 7 8 4 25 9 3 5 10 11 12 13 14 15 16 17 18 19 20 21 22 23 24 26 27 28 29 30 31 32 33 34 35 36 37 
======WorkstationCount: 43

-------- Model 203 Ant 1000 Loop 20 ---------
2 1 3 4 5 6 7 8 9 10 11 12 13 14 15 16 17 18 19 20 21 22 23 24 25 26 27 28 29 30 31 32 33 34 35 36 37 
======WorkstationCount: 43

-------- Model 203 Ant 1000 Loop 40 ---------
2 1 3 4 5 6 7 8 9 10 11 12 13 14 15 16 17 18 19 20 21 22 23 24 25 26 27 28 29 30 31 32 33 34 35 36 37 
======WorkstationCount: 43

-------- Model 203 Ant 1000 Loop 100 ---------
2 1 3 4 5 6 7 8 9 10 11 12 13 14 15 16 17 18 19 20 21 22 23 24 25 26 27 28 29 30 31 32 33 34 35 36 37 
======WorkstationCount: 43

-------- Model 203 Ant 1000 Loop 200 ---------
2 1 3 4 5 6 7 8 9 10 11 12 13 14 15 16 17 18 19 20 21 22 23 24 25 26 27 28 29 30 31 32 33 34 35 36 37 
======WorkstationCount: 43

