-------- Model 304 Ant 100 Loop 10 ---------
7 22 23 1 2 3 4 5 6 14 15 16 8 9 10 11 12 13 17 18 19 20 21 24 25 26 27 
======WorkstationCount: 32

-------- Model 304 Ant 100 Loop 20 ---------
1 2 3 4 5 6 7 8 14 22 23 24 15 16 9 10 11 12 13 17 18 19 20 21 25 26 27 
======WorkstationCount: 32

-------- Model 304 Ant 100 Loop 40 ---------
7 8 14 1 2 3 4 5 6 22 23 24 15 16 9 10 11 12 13 17 18 19 20 21 25 26 27 
======WorkstationCount: 32

-------- Model 304 Ant 100 Loop 100 ---------
22 23 1 2 3 4 5 6 14 15 16 7 8 9 10 11 12 13 17 18 19 20 21 24 25 26 27 
======WorkstationCount: 32

-------- Model 304 Ant 100 Loop 200 ---------
7 8 22 23 14 15 16 1 2 3 4 5 6 9 10 11 12 13 17 18 19 20 21 24 25 26 27 
======WorkstationCount: 32

-------- Model 304 Ant 200 Loop 10 ---------
7 8 14 1 22 23 24 15 16 2 3 4 5 6 9 10 11 12 13 17 18 19 20 21 25 26 27 
======WorkstationCount: 32

-------- Model 304 Ant 200 Loop 20 ---------
7 1 2 3 4 14 22 23 24 15 16 8 5 6 9 10 11 12 13 17 18 19 20 21 25 26 27 
======WorkstationCount: 31

-------- Model 304 Ant 200 Loop 40 ---------
7 1 2 3 4 5 6 14 22 23 24 15 16 8 9 10 11 12 13 17 18 19 20 21 25 26 27 
======WorkstationCount: 32

-------- Model 304 Ant 200 Loop 100 ---------
1 2 3 4 5 6 14 22 23 24 15 16 7 8 9 10 11 12 13 17 18 19 20 21 25 26 27 
======WorkstationCount: 32

-------- Model 304 Ant 200 Loop 200 ---------
7 8 14 15 16 22 23 1 2 3 4 5 6 9 10 11 12 13 17 18 19 20 21 24 25 26 27 
======WorkstationCount: 32

-------- Model 304 Ant 500 Loop 10 ---------
7 1 2 3 4 14 15 16 22 23 24 8 5 6 9 10 11 12 13 17 18 19 20 21 25 26 27 
======WorkstationCount: 32

-------- Model 304 Ant 500 Loop 20 ---------
14 1 2 3 4 5 6 7 8 22 23 24 15 16 9 10 11 12 13 17 18 19 20 21 25 26 27 
======WorkstationCount: 32

-------- Model 304 Ant 500 Loop 40 ---------
7 8 14 1 2 3 4 5 6 22 23 24 15 16 9 10 11 12 13 17 18 19 20 21 25 26 27 
======WorkstationCount: 32

-------- Model 304 Ant 500 Loop 100 ---------
1 2 3 4 5 6 7 8 9 10 11 12 13 14 15 16 17 18 19 20 21 22 23 24 25 26 27 
======WorkstationCount: 34

-------- Model 304 Ant 500 Loop 200 ---------
1 2 3 4 5 6 7 8 9 10 11 12 13 14 15 16 17 18 19 20 21 22 23 24 25 26 27 
======WorkstationCount: 34

-------- Model 304 Ant 1000 Loop 10 ---------
7 8 22 23 1 2 3 4 14 15 16 5 6 9 10 11 12 13 17 18 19 20 21 24 25 26 27 
======WorkstationCount: 31

-------- Model 304 Ant 1000 Loop 20 ---------
22 23 14 15 16 1 7 8 2 3 4 5 6 9 10 11 12 13 17 18 19 20 21 24 25 26 27 
======WorkstationCount: 32

-------- Model 304 Ant 1000 Loop 40 ---------
22 23 14 15 16 7 1 2 3 4 5 6 8 9 10 11 12 13 17 18 19 20 21 24 25 26 27 
======WorkstationCount: 32

-------- Model 304 Ant 1000 Loop 100 ---------
1 2 3 4 5 6 7 8 9 10 11 12 13 14 15 16 17 18 19 20 21 22 23 24 25 26 27 
======WorkstationCount: 34

-------- Model 304 Ant 1000 Loop 200 ---------
1 2 3 4 5 6 7 8 9 10 11 12 13 14 15 16 17 18 19 20 21 22 23 24 25 26 27 
======WorkstationCount: 34

