-------- Model 204 Ant 100 Loop 5 ---------
6 4 15 16 17 18 2 26 25 7 20 21 22 23 9 27 28 29 1 8 3 5 10 11 12 13 14 19 24 30 31 32 33 34 35 36 37 
======WorkstationCount: 42

-------- Model 204 Ant 100 Loop 10 ---------
15 25 2 20 6 26 7 4 1 3 5 10 11 12 13 21 22 23 9 14 16 17 18 19 24 27 28 29 30 31 32 33 34 8 35 36 37 
======WorkstationCount: 42

-------- Model 204 Ant 100 Loop 20 ---------
26 2 25 4 7 20 21 22 23 8 15 16 27 28 29 1 3 5 10 11 12 13 6 9 14 17 18 19 24 30 31 32 33 34 35 36 37 
======WorkstationCount: 42

-------- Model 204 Ant 200 Loop 5 ---------
26 27 2 6 1 4 7 20 21 22 23 8 9 15 25 16 17 18 28 29 3 5 10 11 12 13 14 19 24 30 31 32 33 34 35 36 37 
======WorkstationCount: 41

-------- Model 204 Ant 200 Loop 10 ---------
26 27 28 29 7 8 2 1 3 5 10 11 12 4 6 20 25 15 16 17 18 19 13 9 14 21 22 23 24 30 31 32 33 34 35 36 37 
======WorkstationCount: 42

-------- Model 204 Ant 200 Loop 20 ---------
2 1 3 5 10 11 12 4 7 8 20 6 9 25 15 16 17 18 19 13 14 21 22 23 24 26 27 28 29 30 31 32 33 34 35 36 37 
======WorkstationCount: 42

-------- Model 204 Ant 300 Loop 5 ---------
25 2 1 4 15 7 6 20 26 27 28 29 3 5 10 11 12 13 21 22 23 16 8 9 14 17 18 19 24 30 31 32 33 34 35 36 37 
======WorkstationCount: 41

-------- Model 204 Ant 300 Loop 10 ---------
2 7 6 25 15 20 4 26 27 21 22 23 1 3 5 10 11 12 13 9 8 16 17 14 18 19 24 28 29 30 31 32 33 34 35 36 37 
======WorkstationCount: 42

-------- Model 204 Ant 300 Loop 20 ---------
4 25 2 20 7 6 9 8 15 16 26 27 28 29 1 3 5 10 11 12 13 14 21 22 23 17 18 19 24 30 31 32 33 34 35 36 37 
======WorkstationCount: 42

-------- Model 204 Ant 400 Loop 5 ---------
6 4 20 25 2 1 7 8 15 26 27 28 29 3 5 10 11 12 13 9 16 17 18 21 22 23 14 19 24 30 31 32 33 34 35 36 37 
======WorkstationCount: 41

-------- Model 204 Ant 400 Loop 10 ---------
2 7 15 26 27 8 20 6 4 25 1 3 5 10 11 12 13 9 14 21 22 23 16 17 18 19 24 28 29 30 31 32 33 34 35 36 37 
======WorkstationCount: 42

-------- Model 204 Ant 400 Loop 20 ---------
2 26 20 7 4 6 9 21 22 23 25 27 28 29 1 3 5 10 11 12 13 14 15 16 17 18 19 24 30 31 32 33 34 8 35 36 37 
======WorkstationCount: 42

-------- Model 204 Ant 500 Loop 5 ---------
7 4 2 1 20 15 26 27 28 29 3 5 10 11 12 13 8 25 6 9 14 21 22 23 16 17 18 19 24 30 31 32 33 34 35 36 37 
======WorkstationCount: 42

-------- Model 204 Ant 500 Loop 10 ---------
25 2 7 6 4 20 21 22 23 1 3 9 26 27 28 29 5 10 11 12 13 14 15 16 17 18 19 24 30 31 32 33 34 8 35 36 37 
======WorkstationCount: 42

-------- Model 204 Ant 500 Loop 20 ---------
6 4 20 21 22 23 26 27 28 29 7 8 9 25 2 1 3 5 10 11 12 13 14 15 16 17 18 19 24 30 31 32 33 34 35 36 37 
======WorkstationCount: 42

-------- Model 204 Ant 600 Loop 5 ---------
25 4 7 15 2 1 6 9 26 27 28 29 3 5 10 11 12 13 14 20 21 22 23 8 16 17 18 19 24 30 31 32 33 34 35 36 37 
======WorkstationCount: 42

-------- Model 204 Ant 600 Loop 10 ---------
15 16 26 27 28 29 7 25 6 4 20 21 22 23 9 2 1 3 5 10 11 12 13 14 17 18 19 24 30 31 32 33 34 8 35 36 37 
======WorkstationCount: 42

-------- Model 204 Ant 600 Loop 20 ---------
26 27 6 4 20 2 1 3 5 10 11 12 13 9 14 15 16 7 25 8 21 22 23 17 18 19 24 28 29 30 31 32 33 34 35 36 37 
======WorkstationCount: 42

-------- Model 204 Ant 700 Loop 5 ---------
4 6 9 20 21 26 2 25 15 16 27 28 29 1 22 23 3 5 10 11 12 13 14 17 18 19 24 30 31 7 8 32 33 34 35 36 37 
======WorkstationCount: 42

-------- Model 204 Ant 700 Loop 10 ---------
2 15 16 20 7 8 25 26 27 28 29 1 3 5 10 11 12 4 6 9 13 14 21 22 23 17 18 19 24 30 31 32 33 34 35 36 37 
======WorkstationCount: 42

-------- Model 204 Ant 700 Loop 20 ---------
26 27 28 2 1 6 20 21 22 23 3 5 10 11 12 7 8 9 4 25 15 16 17 18 19 13 14 24 29 30 31 32 33 34 35 36 37 
======WorkstationCount: 42

-------- Model 204 Ant 1000 Loop 5 ---------
7 25 2 26 27 28 29 1 20 4 6 9 21 22 23 3 5 10 11 12 13 14 15 16 17 18 19 24 30 31 32 33 34 8 35 36 37 
======WorkstationCount: 42

-------- Model 204 Ant 1000 Loop 10 ---------
15 25 2 1 3 5 10 11 12 4 20 26 27 28 29 6 7 8 21 22 23 16 17 18 19 13 9 14 24 30 31 32 33 34 35 36 37 
======WorkstationCount: 42

-------- Model 204 Ant 1000 Loop 20 ---------
2 1 3 4 5 6 7 8 9 10 11 12 13 14 15 16 17 18 19 20 21 22 23 24 25 26 27 28 29 30 31 32 33 34 35 36 37 
======WorkstationCount: 43

-------- Model 204 Ant 2000 Loop 5 ---------
2 4 7 25 15 16 20 1 26 27 28 8 21 22 29 6 9 23 3 5 10 11 12 13 14 17 18 19 24 30 31 32 33 34 35 36 37 
======WorkstationCount: 41

-------- Model 204 Ant 2000 Loop 10 ---------
2 1 6 7 8 15 4 20 21 22 23 16 17 18 9 26 27 28 29 3 5 10 11 12 13 14 19 24 25 30 31 32 33 34 35 36 37 
======WorkstationCount: 41

-------- Model 204 Ant 2000 Loop 20 ---------
2 1 3 4 5 6 7 8 9 10 11 12 13 14 15 16 17 18 19 20 21 22 23 24 25 26 27 28 29 30 31 32 33 34 35 36 37 
======WorkstationCount: 43

