-------- Model 1006 Ant 100 Loop 10 ---------
46 47 86 87 88 48 65 66 67 15 80 32 33 34 35 36 27 28 29 30 31 89 90 91 16 71 1 10 11 12 13 14 2 3 4 5 6 7 42 72 73 74 43 44 45 49 50 51 52 37 38 39 81 82 83 84 85 40 41 68 69 70 75 76 77 78 79 92 93 94 95 8 9 17 18 19 20 21 22 23 24 25 26 53 54 55 56 57 58 59 60 61 62 63 64 96 97 98 99 100 
======WorkstationCount: 117

-------- Model 1006 Ant 100 Loop 20 ---------
86 87 15 80 81 46 47 16 17 18 19 20 65 66 67 68 69 70 27 42 43 44 45 10 11 12 13 14 1 71 72 88 89 90 91 48 28 32 33 34 35 36 49 50 51 52 73 74 75 76 77 78 79 82 83 84 85 92 93 94 95 29 30 31 37 38 39 40 41 2 3 4 5 6 7 8 9 21 22 23 24 25 26 53 54 55 56 57 58 59 60 61 62 63 64 96 97 98 99 100 
======WorkstationCount: 118

-------- Model 1006 Ant 100 Loop 30 ---------
71 72 86 1 42 27 46 32 10 11 65 15 16 17 18 19 20 43 44 45 33 34 35 36 87 88 89 90 91 12 13 14 80 81 82 83 84 85 66 67 68 69 70 28 29 30 31 37 38 39 40 41 2 3 4 5 6 7 8 9 21 22 23 24 25 26 73 74 47 48 49 50 51 52 53 54 55 56 57 58 59 60 61 62 63 64 75 76 77 78 79 92 93 94 95 96 97 98 99 100 
======WorkstationCount: 118

-------- Model 1006 Ant 200 Loop 10 ---------
71 46 86 1 2 10 32 33 34 35 36 72 42 15 43 44 45 3 4 5 6 7 8 9 87 88 89 90 91 65 27 47 16 17 18 19 20 73 74 28 29 30 31 37 38 39 40 41 11 12 13 14 21 22 23 24 25 26 48 49 50 51 52 80 81 82 83 84 85 53 54 55 56 57 58 59 60 61 62 63 64 66 67 68 69 70 75 76 77 78 79 92 93 94 95 96 97 98 99 100 
======WorkstationCount: 116

-------- Model 1006 Ant 200 Loop 20 ---------
71 65 80 32 86 1 10 11 12 42 43 44 45 2 3 13 14 87 88 89 90 91 46 47 48 66 67 27 28 29 30 31 15 16 17 18 19 20 49 50 51 52 33 34 35 36 72 81 82 83 84 85 4 5 6 7 8 9 73 74 37 38 39 40 41 21 22 23 24 25 26 53 54 55 56 57 58 59 60 61 62 63 64 68 69 70 75 76 77 78 79 92 93 94 95 96 97 98 99 100 
======WorkstationCount: 118

-------- Model 1006 Ant 200 Loop 30 ---------
27 28 29 30 31 32 86 71 1 2 3 4 5 6 7 8 9 10 11 12 13 14 87 88 89 90 91 46 47 48 65 66 80 81 82 83 84 85 42 15 16 17 18 19 20 21 22 23 24 25 26 33 34 35 36 37 38 39 40 41 72 73 74 43 44 45 49 50 51 52 53 54 55 56 57 58 59 60 61 62 63 64 67 68 69 70 75 76 77 78 79 92 93 94 95 96 97 98 99 100 
======WorkstationCount: 117

-------- Model 1006 Ant 300 Loop 10 ---------
71 72 73 74 80 42 65 1 15 81 86 87 88 89 90 91 43 44 45 2 3 4 5 6 7 27 28 29 30 31 16 46 47 48 49 50 51 52 8 9 66 67 68 69 70 75 76 77 78 79 82 83 84 85 92 93 94 95 17 18 19 20 32 10 11 12 33 34 35 36 37 38 39 40 41 13 14 21 22 23 24 25 26 53 54 55 56 57 58 59 60 61 62 63 64 96 97 98 99 100 
======WorkstationCount: 118

-------- Model 1006 Ant 300 Loop 20 ---------
42 27 28 29 30 31 80 43 44 45 46 47 48 71 72 73 74 1 86 87 88 89 90 91 32 10 11 12 13 14 2 3 4 5 6 7 8 9 49 50 51 52 33 34 35 36 37 38 39 40 41 81 82 83 84 85 65 66 67 68 69 70 75 76 77 78 79 92 93 94 95 15 16 17 18 19 20 21 22 23 24 25 26 53 54 55 56 57 58 59 60 61 62 63 64 96 97 98 99 100 
======WorkstationCount: 117

-------- Model 1006 Ant 300 Loop 30 ---------
46 47 42 86 65 1 10 32 33 34 35 36 87 88 89 90 91 80 27 28 29 30 31 81 82 83 84 85 15 16 17 18 19 20 71 72 73 74 43 44 45 2 3 4 5 6 7 8 9 48 66 67 68 69 70 75 76 77 78 79 92 93 94 95 49 50 51 52 37 38 39 40 41 11 12 13 14 21 22 23 24 25 26 53 54 55 56 57 58 59 60 61 62 63 64 96 97 98 99 100 
======WorkstationCount: 116

-------- Model 1006 Ant 500 Loop 10 ---------
80 42 65 66 67 46 10 32 71 72 73 74 43 44 45 1 86 87 47 48 49 50 51 52 15 27 28 29 30 31 81 82 83 84 85 2 3 4 5 6 7 8 9 11 12 13 14 88 89 90 91 33 34 35 36 37 38 39 40 41 16 17 18 19 20 21 22 23 24 25 26 53 54 55 56 57 58 59 60 61 62 63 64 68 69 70 75 76 77 78 79 92 93 94 95 96 97 98 99 100 
======WorkstationCount: 117

-------- Model 1006 Ant 500 Loop 20 ---------
65 1 86 27 28 29 30 31 87 88 89 90 91 46 47 48 71 10 42 43 44 45 32 33 34 35 36 80 81 82 83 84 85 72 73 74 15 16 17 18 19 20 66 67 2 3 4 5 6 7 8 9 49 50 51 52 37 38 39 40 41 11 12 13 14 21 22 23 24 25 26 53 54 55 56 57 58 59 60 61 62 63 64 68 69 70 75 76 77 78 79 92 93 94 95 96 97 98 99 100 
======WorkstationCount: 117

-------- Model 1006 Ant 500 Loop 30 ---------
1 2 3 4 5 6 7 8 9 10 11 12 13 14 15 16 17 18 19 20 21 22 23 24 25 26 27 28 29 30 31 32 33 34 35 36 37 38 39 40 41 42 43 44 45 46 47 48 49 50 51 52 53 54 55 56 57 58 59 60 61 62 63 64 65 66 67 68 69 70 71 72 73 74 75 76 77 78 79 80 81 82 83 84 85 86 87 88 89 90 91 92 93 94 95 96 97 98 99 100 
======WorkstationCount: 120

-------- Model 1006 Ant 700 Loop 10 ---------
65 86 42 15 32 10 11 12 13 14 71 72 73 74 1 27 28 29 30 31 80 46 47 66 67 68 69 70 75 76 77 78 79 81 82 83 84 16 17 18 19 20 2 3 4 5 6 7 8 9 21 22 23 24 25 26 48 43 44 45 49 50 51 52 33 34 35 36 37 38 39 40 41 53 54 55 56 57 58 59 60 61 62 63 64 87 88 89 90 91 85 92 93 94 95 96 97 98 99 100 
======WorkstationCount: 117

-------- Model 1006 Ant 700 Loop 20 ---------
65 66 67 68 69 70 71 72 73 74 1 86 46 42 43 44 45 15 16 80 81 47 48 49 50 51 52 2 3 4 5 6 7 8 9 10 11 12 13 14 32 33 34 35 36 87 88 89 90 91 27 28 29 30 31 37 38 39 40 41 75 76 77 78 79 82 83 84 85 92 93 94 95 17 18 19 20 21 22 23 24 25 26 53 54 55 56 57 58 59 60 61 62 63 64 96 97 98 99 100 
======WorkstationCount: 117

-------- Model 1006 Ant 1000 Loop 10 ---------
65 10 11 32 15 16 17 18 19 86 1 71 27 42 80 81 82 83 84 85 33 34 35 36 2 3 4 5 6 7 8 9 12 13 14 72 73 74 43 44 45 66 87 88 89 90 91 46 47 28 29 30 31 48 49 50 51 52 20 21 22 23 24 25 26 37 38 39 40 41 53 54 55 56 57 58 59 60 61 62 63 64 67 68 69 70 75 76 77 78 79 92 93 94 95 96 97 98 99 100 
======WorkstationCount: 117

-------- Model 1006 Ant 1000 Loop 20 ---------
27 28 29 30 31 32 10 11 12 13 14 1 86 87 88 89 90 91 46 47 48 80 42 43 44 45 49 50 51 52 15 71 72 73 74 2 3 4 5 6 7 8 9 33 34 35 36 37 38 39 40 41 16 17 18 19 20 21 22 23 24 25 26 53 54 55 56 57 58 59 60 61 62 63 64 81 82 83 84 85 65 66 67 68 69 70 75 76 77 78 79 92 93 94 95 96 97 98 99 100 
======WorkstationCount: 116

-------- Model 1006 Ant 2000 Loop 10 ---------
42 1 86 87 88 43 44 45 71 72 73 74 27 28 15 46 47 16 17 18 80 32 33 34 35 36 29 30 31 2 3 4 5 6 7 8 9 10 11 12 13 14 81 82 83 84 85 48 37 38 39 40 41 49 50 51 52 19 20 21 22 23 24 25 26 53 54 55 56 57 58 59 60 61 62 63 64 89 90 91 65 66 67 68 69 70 75 76 77 78 79 92 93 94 95 96 97 98 99 100 
======WorkstationCount: 116

-------- Model 1006 Ant 2000 Loop 20 ---------
42 15 16 17 18 19 20 71 72 73 74 43 44 45 86 1 2 3 4 5 6 7 8 9 46 10 32 33 34 35 36 27 28 29 30 31 37 38 39 40 41 87 88 89 90 91 65 66 67 68 69 70 75 76 77 78 79 11 12 13 14 21 22 23 24 25 26 47 48 80 81 82 83 84 85 49 50 51 52 53 54 55 56 57 58 59 60 61 62 63 64 92 93 94 95 96 97 98 99 100 
======WorkstationCount: 116

-------- Model 1006 Ant 5000 Loop 10 ---------
42 1 86 87 80 10 11 12 13 14 71 32 33 43 44 45 72 73 74 15 16 17 18 19 20 81 46 27 28 29 30 31 34 35 36 37 38 39 40 41 2 3 4 5 6 7 8 9 47 48 49 50 51 52 21 22 23 24 25 26 53 54 55 56 57 58 59 60 61 62 63 64 88 89 90 91 65 66 67 68 69 70 75 76 77 78 79 82 83 84 85 92 93 94 95 96 97 98 99 100 
======WorkstationCount: 117

-------- Model 1006 Ant 5000 Loop 20 ---------
46 47 48 71 72 73 74 1 86 87 88 89 90 91 32 33 34 35 36 80 81 82 83 84 85 65 66 67 68 69 70 75 76 77 78 79 92 93 94 95 15 16 27 28 29 30 31 42 43 44 45 49 50 51 52 37 38 39 40 41 2 3 4 5 6 7 8 9 10 11 12 13 14 17 18 19 20 21 22 23 24 25 26 53 54 55 56 57 58 59 60 61 62 63 64 96 97 98 99 100 
======WorkstationCount: 115

-------- Model 1006 Ant 10000 Loop 10 ---------
1 86 71 72 73 74 27 28 29 30 31 80 32 10 11 65 66 67 68 69 70 75 76 77 78 79 81 46 47 48 33 34 35 36 12 13 14 15 42 16 17 18 19 20 43 44 45 49 50 51 52 37 38 39 40 41 2 3 4 5 6 7 8 9 21 22 23 24 25 26 53 54 55 56 57 58 59 60 61 62 63 64 82 83 84 87 88 89 90 91 85 92 93 94 95 96 97 98 99 100 
======WorkstationCount: 116

-------- Model 1006 Ant 10000 Loop 20 ---------
80 81 15 86 87 88 89 90 91 46 65 1 2 3 4 5 6 7 8 9 10 32 33 34 35 36 42 27 28 29 30 31 37 38 39 40 41 47 48 16 17 18 19 20 71 72 73 74 43 44 45 49 50 51 52 66 67 68 69 70 75 76 77 78 79 11 12 13 14 21 22 23 24 25 26 53 54 55 56 57 58 59 60 61 62 63 64 82 83 84 85 92 93 94 95 96 97 98 99 100 
======WorkstationCount: 115

