-------- Model 1 Ant 100 Loop 10 ---------
3 21 1 35 36 37 38 39 40 15 28 29 30 31 32 33 22 23 24 25 26 27 34 2 4 5 6 7 8 9 10 12 13 14 16 17 18 19 20 11 41 
======WorkstationCount: 70

-------- Model 1 Ant 100 Loop 20 ---------
35 36 37 38 39 40 1 21 22 23 24 25 26 27 28 29 30 31 32 33 34 2 3 4 5 6 7 8 9 10 12 13 14 15 16 17 18 19 20 11 41 
======WorkstationCount: 70

-------- Model 1 Ant 100 Loop 40 ---------
12 28 29 30 31 32 13 14 15 16 21 22 23 24 25 26 27 1 2 3 4 5 6 7 8 9 10 17 18 19 20 35 36 37 38 39 40 11 33 34 41 
======WorkstationCount: 70

-------- Model 1 Ant 100 Loop 100 ---------
28 29 30 31 32 33 12 13 3 4 35 36 37 38 39 40 1 21 22 23 24 25 26 27 34 2 5 6 7 8 9 10 15 16 14 17 18 19 20 11 41 
======WorkstationCount: 71

-------- Model 1 Ant 100 Loop 200 ---------
1 21 22 23 24 25 26 27 3 4 28 29 30 31 32 33 34 15 16 35 36 37 38 39 40 2 5 6 7 8 9 10 12 13 14 17 18 19 20 11 41 
======WorkstationCount: 70

-------- Model 1 Ant 200 Loop 10 ---------
21 1 2 3 4 22 23 24 25 26 27 5 6 7 8 9 10 28 29 30 31 32 33 34 35 12 13 14 15 16 17 18 19 20 36 37 38 39 40 11 41 
======WorkstationCount: 71

-------- Model 1 Ant 200 Loop 20 ---------
35 36 37 38 39 40 1 21 3 4 22 23 24 25 26 27 2 5 6 7 8 9 10 12 15 28 29 30 31 32 33 16 13 14 17 18 19 20 11 34 41 
======WorkstationCount: 70

-------- Model 1 Ant 200 Loop 40 ---------
1 2 35 36 37 38 39 40 3 4 5 6 7 8 9 10 12 15 28 29 30 31 32 33 13 14 21 22 23 24 25 26 27 34 16 17 18 19 20 11 41 
======WorkstationCount: 70

-------- Model 1 Ant 200 Loop 100 ---------
28 29 30 31 32 33 21 15 1 2 35 36 37 38 39 40 22 23 24 25 26 27 3 4 5 6 7 8 9 10 12 13 14 16 17 18 19 20 11 34 41 
======WorkstationCount: 70

-------- Model 1 Ant 200 Loop 200 ---------
1 2 3 4 5 6 7 8 9 10 12 13 14 15 16 17 18 19 20 21 22 23 24 25 26 27 28 29 30 31 32 33 34 35 36 37 38 39 40 11 41 
======WorkstationCount: 70

-------- Model 1 Ant 500 Loop 10 ---------
1 21 22 23 24 25 26 27 28 29 15 3 4 35 36 37 38 39 40 16 2 5 6 7 8 9 10 12 13 14 17 18 19 20 11 30 31 32 33 34 41 
======WorkstationCount: 70

-------- Model 1 Ant 500 Loop 20 ---------
35 36 37 38 39 40 3 4 1 21 15 28 29 30 31 32 33 16 2 22 23 24 25 26 27 34 5 6 7 8 9 10 12 13 14 17 18 19 20 11 41 
======WorkstationCount: 70

-------- Model 1 Ant 500 Loop 40 ---------
3 4 15 1 28 29 30 31 32 33 21 22 23 24 25 26 27 34 2 5 6 7 8 9 10 12 13 14 35 36 37 38 39 40 16 17 18 19 20 11 41 
======WorkstationCount: 70

-------- Model 1 Ant 500 Loop 100 ---------
1 2 3 4 5 6 7 8 9 10 12 13 14 15 16 17 18 19 20 21 22 23 24 25 26 27 28 29 30 31 32 33 34 35 36 37 38 39 40 11 41 
======WorkstationCount: 70

-------- Model 1 Ant 500 Loop 200 ---------
1 2 3 4 5 6 7 8 9 10 12 13 14 15 16 17 18 19 20 21 22 23 24 25 26 27 28 29 30 31 32 33 34 35 36 37 38 39 40 11 41 
======WorkstationCount: 70

-------- Model 1 Ant 1000 Loop 10 ---------
12 13 14 28 15 3 4 21 1 35 36 37 38 39 40 16 17 18 19 20 2 5 6 7 8 9 10 11 29 30 31 32 33 22 23 24 25 26 27 34 41 
======WorkstationCount: 70

-------- Model 1 Ant 1000 Loop 20 ---------
12 13 14 28 15 21 3 4 1 35 36 37 38 39 40 22 23 24 25 26 27 16 17 18 19 20 2 5 6 7 8 9 10 11 29 30 31 32 33 34 41 
======WorkstationCount: 70

-------- Model 1 Ant 1000 Loop 40 ---------
1 2 3 4 5 6 7 8 9 10 12 13 14 15 16 17 18 19 20 21 22 23 24 25 26 27 28 29 30 31 32 33 34 35 36 37 38 39 40 11 41 
======WorkstationCount: 70

-------- Model 1 Ant 1000 Loop 100 ---------
1 2 3 4 5 6 7 8 9 10 12 13 14 15 16 17 18 19 20 21 22 23 24 25 26 27 28 29 30 31 32 33 34 35 36 37 38 39 40 11 41 
======WorkstationCount: 70

-------- Model 1 Ant 1000 Loop 200 ---------
1 2 3 4 5 6 7 8 9 10 12 13 14 15 16 17 18 19 20 21 22 23 24 25 26 27 28 29 30 31 32 33 34 35 36 37 38 39 40 11 41 
======WorkstationCount: 70

