-------- Model 706 Ant 100 Loop 10 ---------
45 23 9 50 46 47 48 49 57 1 30 31 32 33 34 35 36 24 25 26 27 28 29 2 3 10 11 12 13 51 52 53 54 55 56 58 59 60 61 62 63 64 4 5 6 7 8 14 15 16 17 18 19 20 21 22 37 38 39 40 41 42 43 44 65 66 67 68 
======WorkstationCount: 79

-------- Model 706 Ant 100 Loop 20 ---------
57 1 2 3 4 5 6 7 8 23 30 50 51 52 24 9 10 11 12 13 14 15 16 17 18 19 20 21 22 58 59 60 45 46 47 48 49 31 32 33 34 35 36 25 26 27 28 29 37 38 39 40 41 42 43 44 53 54 55 56 61 62 63 64 65 66 67 68 
======WorkstationCount: 79

-------- Model 706 Ant 100 Loop 40 ---------
50 30 45 23 1 2 3 4 5 6 7 8 24 25 57 58 59 60 51 52 53 46 47 48 49 54 55 56 61 62 63 64 31 32 33 34 35 36 9 10 11 12 13 14 15 16 17 18 19 20 21 22 26 27 28 29 37 38 39 40 41 42 43 44 65 66 67 68 
======WorkstationCount: 78

-------- Model 706 Ant 100 Loop 100 ---------
1 2 3 9 45 23 57 58 59 60 50 30 31 32 33 34 35 36 24 25 26 27 28 29 37 38 39 51 52 53 46 47 48 49 54 55 56 61 62 63 64 10 11 12 13 4 5 6 7 8 14 15 16 17 18 19 20 21 22 40 41 42 43 44 65 66 67 68 
======WorkstationCount: 79

-------- Model 706 Ant 100 Loop 200 ---------
1 2 3 4 5 6 7 8 9 10 11 12 13 14 15 16 17 18 19 20 21 22 23 24 25 26 27 28 29 30 31 32 33 34 35 36 37 38 39 40 41 42 43 44 45 46 47 48 49 50 51 52 53 54 55 56 57 58 59 60 61 62 63 64 65 66 67 68 
======WorkstationCount: 83

-------- Model 706 Ant 200 Loop 10 ---------
57 1 9 50 51 52 53 2 3 4 5 6 7 8 45 23 24 30 31 32 33 34 35 36 58 59 60 25 26 27 28 29 10 11 12 13 14 15 16 17 18 19 20 21 22 37 38 39 40 41 42 43 44 46 47 48 49 54 55 56 61 62 63 64 65 66 67 68 
======WorkstationCount: 79

-------- Model 706 Ant 200 Loop 20 ---------
45 46 47 48 49 57 1 2 3 4 5 6 7 8 9 10 11 12 13 50 30 31 32 33 34 35 58 59 60 23 24 25 26 27 28 29 14 15 16 17 18 19 20 21 22 51 52 53 54 55 56 61 62 63 64 36 37 38 39 40 41 42 43 44 65 66 67 68 
======WorkstationCount: 79

-------- Model 706 Ant 200 Loop 40 ---------
1 23 30 50 51 52 53 9 10 11 12 13 2 3 4 5 6 7 8 24 25 26 27 28 29 57 58 59 60 45 46 47 48 49 31 32 33 34 35 36 54 55 56 61 62 63 64 14 15 16 17 18 19 20 21 22 37 38 39 40 41 42 43 44 65 66 67 68 
======WorkstationCount: 77

-------- Model 706 Ant 200 Loop 100 ---------
23 45 9 10 57 58 59 60 1 2 3 4 5 6 7 8 50 30 31 32 33 34 35 36 24 25 26 27 28 29 37 38 39 51 52 53 46 47 48 49 54 55 56 61 62 63 64 11 12 13 14 15 16 17 18 19 20 21 22 40 41 42 43 44 65 66 67 68 
======WorkstationCount: 78

-------- Model 706 Ant 200 Loop 200 ---------
1 2 3 4 5 6 7 8 9 10 11 12 13 14 15 16 17 18 19 20 21 22 23 24 25 26 27 28 29 30 31 32 33 34 35 36 37 38 39 40 41 42 43 44 45 46 47 48 49 50 51 52 53 54 55 56 57 58 59 60 61 62 63 64 65 66 67 68 
======WorkstationCount: 83

-------- Model 706 Ant 500 Loop 10 ---------
23 45 50 30 57 58 24 25 26 27 28 29 31 32 33 34 35 36 51 52 53 46 47 48 49 54 55 56 59 60 61 62 63 64 37 38 39 1 2 3 4 5 6 7 8 9 10 11 12 13 14 15 16 17 18 19 20 21 22 40 41 42 43 44 65 66 67 68 
======WorkstationCount: 79

-------- Model 706 Ant 500 Loop 20 ---------
9 45 23 30 50 1 57 58 59 60 24 25 26 27 28 29 51 52 53 46 47 48 49 31 32 33 34 35 36 10 11 12 13 2 3 4 5 6 7 8 14 15 16 17 18 19 20 21 22 37 38 39 40 41 42 43 44 54 55 56 61 62 63 64 65 66 67 68 
======WorkstationCount: 77

-------- Model 706 Ant 500 Loop 40 ---------
9 23 30 45 46 47 48 49 31 32 33 34 35 36 24 25 26 27 28 29 37 38 39 10 57 58 59 60 50 51 52 53 54 55 56 1 2 3 4 5 6 7 8 11 12 13 14 15 16 17 18 19 20 21 22 61 62 63 64 40 41 42 43 44 65 66 67 68 
======WorkstationCount: 78

-------- Model 706 Ant 500 Loop 100 ---------
1 2 3 4 5 6 7 8 9 10 11 12 13 14 15 16 17 18 19 20 21 22 23 24 25 26 27 28 29 30 31 32 33 34 35 36 37 38 39 40 41 42 43 44 45 46 47 48 49 50 51 52 53 54 55 56 57 58 59 60 61 62 63 64 65 66 67 68 
======WorkstationCount: 83

-------- Model 706 Ant 500 Loop 200 ---------
1 2 3 4 5 6 7 8 9 10 11 12 13 14 15 16 17 18 19 20 21 22 23 24 25 26 27 28 29 30 31 32 33 34 35 36 37 38 39 40 41 42 43 44 45 46 47 48 49 50 51 52 53 54 55 56 57 58 59 60 61 62 63 64 65 66 67 68 
======WorkstationCount: 83

-------- Model 706 Ant 1000 Loop 10 ---------
57 45 23 30 50 51 52 53 46 47 48 49 31 32 33 34 35 36 24 25 26 27 28 29 54 55 56 9 10 11 12 13 1 2 3 4 5 6 7 8 14 15 16 17 18 19 20 21 22 37 38 39 40 41 42 43 44 58 59 60 61 62 63 64 65 66 67 68 
======WorkstationCount: 77

-------- Model 706 Ant 1000 Loop 20 ---------
1 57 50 30 45 46 47 48 49 31 32 33 34 35 36 9 23 24 25 26 27 28 29 10 11 12 13 2 3 4 58 59 60 51 52 53 54 55 56 61 62 63 64 5 6 7 8 14 15 16 17 18 19 20 21 22 37 38 39 40 41 42 43 44 65 66 67 68 
======WorkstationCount: 78

-------- Model 706 Ant 1000 Loop 40 ---------
1 2 3 4 5 6 7 8 9 10 11 12 13 14 15 16 17 18 19 20 21 22 23 24 25 26 27 28 29 30 31 32 33 34 35 36 37 38 39 40 41 42 43 44 45 46 47 48 49 50 51 52 53 54 55 56 57 58 59 60 61 62 63 64 65 66 67 68 
======WorkstationCount: 83

-------- Model 706 Ant 1000 Loop 100 ---------
1 2 3 4 5 6 7 8 9 10 11 12 13 14 15 16 17 18 19 20 21 22 23 24 25 26 27 28 29 30 31 32 33 34 35 36 37 38 39 40 41 42 43 44 45 46 47 48 49 50 51 52 53 54 55 56 57 58 59 60 61 62 63 64 65 66 67 68 
======WorkstationCount: 83

-------- Model 706 Ant 1000 Loop 200 ---------
1 2 3 4 5 6 7 8 9 10 11 12 13 14 15 16 17 18 19 20 21 22 23 24 25 26 27 28 29 30 31 32 33 34 35 36 37 38 39 40 41 42 43 44 45 46 47 48 49 50 51 52 53 54 55 56 57 58 59 60 61 62 63 64 65 66 67 68 
======WorkstationCount: 83

