-------- Model 1004 Ant 100 Loop 10 ---------
77 47 48 17 18 19 20 21 22 23 71 85 86 87 88 89 72 73 74 75 76 90 91 92 93 1 13 14 15 16 41 42 43 44 45 46 78 79 80 2 3 4 49 50 51 52 53 54 55 56 57 24 25 26 94 95 96 97 81 82 83 84 98 99 100 101 5 6 7 8 9 10 11 12 27 28 29 30 31 32 33 34 35 36 37 38 39 40 58 59 60 61 62 63 64 65 66 67 68 69 70 102 103 104 105 106 107 108 
======WorkstationCount: 137

-------- Model 1004 Ant 100 Loop 20 ---------
71 77 47 85 86 87 88 89 1 41 17 18 19 20 21 22 13 14 42 43 44 45 46 48 49 50 51 2 3 4 5 6 7 8 9 10 11 12 72 73 74 75 76 90 91 92 93 94 95 96 97 78 79 80 81 82 83 84 98 99 100 101 15 16 23 24 25 26 52 53 54 55 56 57 27 28 29 30 31 32 33 34 35 36 37 38 39 40 58 59 60 61 62 63 64 65 66 67 68 69 70 102 103 104 105 106 107 108 
======WorkstationCount: 137

-------- Model 1004 Ant 100 Loop 30 ---------
1 47 77 85 41 42 43 44 45 46 71 72 73 74 75 76 17 18 19 20 21 22 23 78 79 80 48 49 50 51 13 14 15 16 24 25 26 2 3 4 5 6 7 8 9 10 11 12 90 91 92 93 52 53 54 55 56 57 86 87 88 89 94 95 96 97 81 82 83 84 98 99 100 101 27 28 29 30 31 32 33 34 35 36 37 38 39 40 58 59 60 61 62 63 64 65 66 67 68 69 70 102 103 104 105 106 107 108 
======WorkstationCount: 137

-------- Model 1004 Ant 200 Loop 10 ---------
71 72 73 74 75 76 90 91 92 13 14 15 16 85 41 42 43 44 45 46 1 2 77 78 79 80 47 17 18 19 20 21 22 23 24 25 26 81 82 83 84 93 48 49 50 51 52 53 54 55 56 57 3 4 5 6 7 8 9 10 11 12 27 28 29 30 31 32 33 34 35 36 37 38 39 40 58 59 60 61 62 63 86 87 88 89 94 95 96 97 98 99 100 101 64 65 66 67 68 69 70 102 103 104 105 106 107 108 
======WorkstationCount: 137

-------- Model 1004 Ant 200 Loop 20 ---------
85 86 87 88 89 1 17 18 90 91 92 93 47 77 41 71 72 13 14 15 16 2 42 43 44 45 46 94 95 96 97 48 49 50 51 73 74 75 76 78 79 80 81 82 83 84 98 99 100 101 52 53 54 55 56 57 3 4 5 6 7 8 9 10 11 12 19 20 21 22 23 24 25 26 27 28 29 30 31 32 33 34 35 36 37 38 39 40 58 59 60 61 62 63 64 65 66 67 68 69 70 102 103 104 105 106 107 108 
======WorkstationCount: 136

-------- Model 1004 Ant 200 Loop 30 ---------
85 41 42 43 44 45 46 90 91 92 93 17 18 19 20 21 22 23 47 48 49 50 51 52 53 54 55 56 57 1 2 3 4 77 78 79 80 13 14 15 16 24 25 26 86 87 88 89 94 95 96 97 71 72 73 74 75 76 81 82 83 84 98 99 100 101 5 6 7 8 9 10 11 12 27 28 29 30 31 32 33 34 35 36 37 38 39 40 58 59 60 61 62 63 64 65 66 67 68 69 70 102 103 104 105 106 107 108 
======WorkstationCount: 137

-------- Model 1004 Ant 300 Loop 10 ---------
13 14 47 77 17 18 19 20 21 22 23 85 41 71 90 91 92 93 72 78 86 87 88 89 94 95 96 97 79 80 48 49 50 51 73 74 1 2 3 4 5 42 43 44 45 46 52 53 54 55 56 57 6 7 8 9 10 11 12 15 16 24 25 26 27 28 29 30 31 32 33 34 35 36 37 38 39 40 58 59 60 61 62 63 64 65 66 67 68 69 70 75 76 81 82 83 84 98 99 100 101 102 103 104 105 106 107 108 
======WorkstationCount: 135

-------- Model 1004 Ant 300 Loop 20 ---------
85 90 91 92 93 17 18 41 42 43 44 45 46 1 2 3 4 5 6 7 8 9 10 11 12 19 20 21 22 23 77 78 79 80 47 48 49 50 51 52 53 54 55 56 57 86 87 88 89 94 95 96 97 71 72 73 74 75 76 13 14 15 16 24 25 26 27 28 29 30 31 32 33 34 35 36 37 38 39 40 58 59 60 61 62 63 64 65 66 67 68 69 70 81 82 83 84 98 99 100 101 102 103 104 105 106 107 108 
======WorkstationCount: 136

-------- Model 1004 Ant 300 Loop 30 ---------
13 14 71 72 73 74 75 76 90 91 92 93 1 2 3 4 5 6 7 8 9 10 11 12 77 47 48 49 50 51 78 79 80 81 82 83 84 85 86 87 88 89 94 95 96 97 98 99 100 101 41 42 43 44 45 46 52 53 54 55 56 57 17 18 19 20 21 22 23 15 16 24 25 26 27 28 29 30 31 32 33 34 35 36 37 38 39 40 58 59 60 61 62 63 64 65 66 67 68 69 70 102 103 104 105 106 107 108 
======WorkstationCount: 137

-------- Model 1004 Ant 500 Loop 10 ---------
77 47 48 49 50 51 85 71 90 91 92 17 18 19 20 21 22 23 86 13 14 78 79 80 72 73 1 2 3 4 5 6 7 8 9 10 11 12 15 16 24 25 26 87 88 89 41 42 43 44 45 46 52 53 54 55 56 57 93 94 95 96 97 74 75 76 81 82 83 84 98 99 100 101 27 28 29 30 31 32 33 34 35 36 37 38 39 40 58 59 60 61 62 63 64 65 66 67 68 69 70 102 103 104 105 106 107 108 
======WorkstationCount: 137

-------- Model 1004 Ant 500 Loop 20 ---------
71 72 73 74 75 76 77 47 48 90 91 92 93 1 2 17 18 19 20 21 22 23 78 79 80 13 14 15 16 24 25 26 49 50 51 85 41 42 43 44 45 46 52 53 54 55 56 57 3 4 5 6 7 8 9 10 11 12 86 87 88 89 94 95 96 97 81 82 83 84 98 99 100 101 27 28 29 30 31 32 33 34 35 36 37 38 39 40 58 59 60 61 62 63 64 65 66 67 68 69 70 102 103 104 105 106 107 108 
======WorkstationCount: 136

-------- Model 1004 Ant 500 Loop 30 ---------
77 47 48 49 50 51 85 41 42 17 18 19 20 21 22 23 1 71 13 14 15 16 24 25 26 2 3 4 5 6 7 8 9 10 11 12 27 28 29 30 31 32 33 34 35 36 37 38 39 40 86 87 88 89 90 91 92 93 72 73 74 75 76 94 95 96 97 43 44 45 46 52 53 54 55 56 57 58 59 60 61 62 63 64 65 66 67 68 69 70 78 79 80 81 82 83 84 98 99 100 101 102 103 104 105 106 107 108 
======WorkstationCount: 137

-------- Model 1004 Ant 700 Loop 10 ---------
71 77 78 79 80 47 13 14 15 16 17 90 91 92 93 41 85 86 87 88 89 94 95 96 97 42 43 44 45 72 73 74 75 76 18 48 49 50 51 1 2 3 4 5 6 7 8 9 10 11 12 19 20 21 22 23 24 25 26 27 28 29 30 31 32 33 34 35 36 37 38 39 40 81 82 83 84 98 99 100 101 46 52 53 54 55 56 57 58 59 60 61 62 63 64 65 66 67 68 69 70 102 103 104 105 106 107 108 
======WorkstationCount: 137

-------- Model 1004 Ant 700 Loop 20 ---------
17 18 71 72 73 90 91 92 93 77 47 48 49 50 51 41 42 43 85 86 87 88 89 78 79 80 13 1 2 3 4 5 6 7 8 9 10 11 12 19 20 21 22 23 14 15 16 24 25 26 27 28 29 30 31 32 33 34 35 36 37 38 39 40 44 45 46 52 53 54 55 56 57 58 59 60 61 62 63 64 65 66 67 68 69 70 94 95 96 97 74 75 76 81 82 83 84 98 99 100 101 102 103 104 105 106 107 108 
======WorkstationCount: 137

-------- Model 1004 Ant 1000 Loop 10 ---------
17 18 77 47 71 72 73 74 75 76 41 42 43 44 45 46 78 79 80 48 85 86 87 88 89 1 2 3 4 5 6 7 8 9 10 11 90 91 92 93 94 95 96 97 81 82 83 84 98 99 100 101 19 20 21 22 23 13 14 15 16 24 25 26 49 50 51 52 53 54 55 56 57 12 27 28 29 30 31 32 33 34 35 36 37 38 39 40 58 59 60 61 62 63 64 65 66 67 68 69 70 102 103 104 105 106 107 108 
======WorkstationCount: 137

-------- Model 1004 Ant 1000 Loop 20 ---------
17 18 19 20 21 22 23 71 72 73 74 75 76 77 90 91 92 93 85 86 87 88 89 41 42 43 44 45 46 94 95 96 97 1 13 14 15 16 78 79 80 81 82 83 84 98 99 100 101 2 3 4 5 6 7 8 9 10 11 12 24 25 26 27 28 29 30 31 32 33 34 35 36 37 38 39 40 47 48 49 50 51 52 53 54 55 56 57 58 59 60 61 62 63 64 65 66 67 68 69 70 102 103 104 105 106 107 108 
======WorkstationCount: 137

-------- Model 1004 Ant 2000 Loop 10 ---------
1 17 41 85 18 19 20 21 22 23 77 71 72 42 43 44 45 46 90 91 92 2 3 4 5 6 7 8 9 10 11 12 47 48 49 50 51 52 53 54 55 56 57 78 79 80 93 13 14 15 16 24 25 26 27 28 29 30 31 32 33 34 35 36 37 38 39 40 58 59 60 61 62 63 64 65 66 67 68 69 70 86 87 88 89 94 95 96 97 73 74 75 76 81 82 83 84 98 99 100 101 102 103 104 105 106 107 108 
======WorkstationCount: 136

-------- Model 1004 Ant 2000 Loop 20 ---------
13 14 1 2 17 18 19 20 21 22 23 77 85 41 42 43 44 45 46 90 91 92 93 71 47 48 49 50 51 52 53 54 55 56 57 78 3 4 5 6 7 8 9 10 11 12 72 73 74 75 76 86 87 88 89 94 95 96 97 79 80 81 82 83 84 98 99 100 101 15 16 24 25 26 27 28 29 30 31 32 33 34 35 36 37 38 39 40 58 59 60 61 62 63 64 65 66 67 68 69 70 102 103 104 105 106 107 108 
======WorkstationCount: 137

-------- Model 1004 Ant 5000 Loop 10 ---------
13 1 2 3 4 14 90 91 92 93 77 47 17 18 71 72 73 74 75 19 20 21 22 23 78 79 80 15 16 24 25 26 76 81 82 83 84 85 41 42 43 44 45 46 48 49 50 51 52 53 54 55 56 57 86 87 88 89 94 95 96 97 98 99 100 101 5 6 7 8 9 10 11 12 27 28 29 30 31 32 33 34 35 36 37 38 39 40 58 59 60 61 62 63 64 65 66 67 68 69 70 102 103 104 105 106 107 108 
======WorkstationCount: 136

-------- Model 1004 Ant 5000 Loop 20 ---------
1 2 3 4 5 6 7 8 9 10 11 12 13 14 15 16 17 18 19 20 21 22 23 24 25 26 27 28 29 30 31 32 33 34 35 36 37 38 39 40 41 42 43 44 45 46 47 48 49 50 51 52 53 54 55 56 57 58 59 60 61 62 63 64 65 66 67 68 69 70 71 72 73 74 75 76 77 78 79 80 81 82 83 84 85 86 87 88 89 90 91 92 93 94 95 96 97 98 99 100 101 102 103 104 105 106 107 108 
======WorkstationCount: 140

-------- Model 1004 Ant 10000 Loop 10 ---------
1 2 3 4 5 6 7 8 9 10 11 12 13 14 15 16 17 18 19 20 21 22 23 24 25 26 27 28 29 30 31 32 33 34 35 36 37 38 39 40 41 42 43 44 45 46 47 48 49 50 51 52 53 54 55 56 57 58 59 60 61 62 63 64 65 66 67 68 69 70 71 72 73 74 75 76 77 78 79 80 81 82 83 84 85 86 87 88 89 90 91 92 93 94 95 96 97 98 99 100 101 102 103 104 105 106 107 108 
======WorkstationCount: 140

-------- Model 1004 Ant 10000 Loop 20 ---------
1 2 3 4 5 6 7 8 9 10 11 12 13 14 15 16 17 18 19 20 21 22 23 24 25 26 27 28 29 30 31 32 33 34 35 36 37 38 39 40 41 42 43 44 45 46 47 48 49 50 51 52 53 54 55 56 57 58 59 60 61 62 63 64 65 66 67 68 69 70 71 72 73 74 75 76 77 78 79 80 81 82 83 84 85 86 87 88 89 90 91 92 93 94 95 96 97 98 99 100 101 102 103 104 105 106 107 108 
======WorkstationCount: 140

