-------- Model 306 Ant 100 Loop 10 ---------
6 14 15 16 17 18 1 2 3 4 5 7 8 9 10 11 12 13 19 20 21 22 23 24 25 26 27 28 29 
======WorkstationCount: 31

-------- Model 306 Ant 100 Loop 20 ---------
17 18 1 2 3 4 5 14 15 16 6 7 8 9 10 11 12 13 19 20 21 22 23 24 25 26 27 28 29 
======WorkstationCount: 31

-------- Model 306 Ant 100 Loop 40 ---------
1 2 14 15 16 6 7 8 9 17 18 19 20 21 22 23 24 25 3 4 5 10 11 12 13 26 27 28 29 
======WorkstationCount: 31

-------- Model 306 Ant 100 Loop 100 ---------
6 7 8 9 1 2 3 4 5 10 11 12 13 14 15 16 17 18 19 20 21 22 23 24 25 26 27 28 29 
======WorkstationCount: 32

-------- Model 306 Ant 100 Loop 200 ---------
1 2 3 14 15 16 17 18 19 20 21 22 23 24 25 6 7 8 9 4 5 10 11 12 13 26 27 28 29 
======WorkstationCount: 31

-------- Model 306 Ant 200 Loop 10 ---------
14 15 16 17 1 18 19 20 21 22 23 24 25 6 7 8 9 2 3 4 5 10 11 12 13 26 27 28 29 
======WorkstationCount: 31

-------- Model 306 Ant 200 Loop 20 ---------
1 2 14 15 16 6 7 8 9 17 18 19 20 21 22 23 24 25 3 4 5 10 11 12 13 26 27 28 29 
======WorkstationCount: 31

-------- Model 306 Ant 200 Loop 40 ---------
14 15 16 6 7 8 9 17 18 1 2 3 4 5 10 11 12 13 19 20 21 22 23 24 25 26 27 28 29 
======WorkstationCount: 31

-------- Model 306 Ant 200 Loop 100 ---------
17 18 1 2 3 4 5 6 7 8 9 10 11 12 13 14 15 16 19 20 21 22 23 24 25 26 27 28 29 
======WorkstationCount: 31

-------- Model 306 Ant 200 Loop 200 ---------
6 7 8 9 1 2 14 15 16 17 18 19 20 21 22 23 24 25 3 4 5 10 11 12 13 26 27 28 29 
======WorkstationCount: 31

-------- Model 306 Ant 500 Loop 10 ---------
14 6 1 2 15 16 17 18 19 20 21 22 23 24 25 3 4 5 7 8 9 10 11 12 13 26 27 28 29 
======WorkstationCount: 31

-------- Model 306 Ant 500 Loop 20 ---------
17 18 1 2 3 4 5 6 7 8 9 10 11 12 13 14 15 16 19 20 21 22 23 24 25 26 27 28 29 
======WorkstationCount: 31

-------- Model 306 Ant 500 Loop 40 ---------
1 2 17 14 15 16 6 7 8 9 18 19 20 21 22 23 24 25 3 4 5 10 11 12 13 26 27 28 29 
======WorkstationCount: 31

-------- Model 306 Ant 500 Loop 100 ---------
1 2 17 6 7 8 9 14 15 16 18 19 20 21 22 23 24 25 3 4 5 10 11 12 13 26 27 28 29 
======WorkstationCount: 31

-------- Model 306 Ant 500 Loop 200 ---------
1 2 3 4 5 6 7 8 9 10 11 12 13 14 15 16 17 18 19 20 21 22 23 24 25 26 27 28 29 
======WorkstationCount: 32

-------- Model 306 Ant 1000 Loop 10 ---------
6 7 8 9 17 18 1 2 14 15 16 19 20 21 22 23 24 25 3 4 5 10 11 12 13 26 27 28 29 
======WorkstationCount: 30

-------- Model 306 Ant 1000 Loop 20 ---------
14 15 16 1 2 6 7 8 9 17 18 19 20 21 22 23 24 25 3 4 5 10 11 12 13 26 27 28 29 
======WorkstationCount: 31

-------- Model 306 Ant 1000 Loop 40 ---------
6 7 8 9 17 1 2 14 15 16 18 19 20 21 22 23 24 25 3 4 5 10 11 12 13 26 27 28 29 
======WorkstationCount: 31

-------- Model 306 Ant 1000 Loop 100 ---------
1 2 3 4 5 6 7 8 9 10 11 12 13 14 15 16 17 18 19 20 21 22 23 24 25 26 27 28 29 
======WorkstationCount: 32

-------- Model 306 Ant 1000 Loop 200 ---------
1 2 3 4 5 6 7 8 9 10 11 12 13 14 15 16 17 18 19 20 21 22 23 24 25 26 27 28 29 
======WorkstationCount: 32

